-0.201706,-0.210730,-0.222631,-0.244491,-0.256436,-0.223386,-0.231712,-0.236133,-0.231461,-0.176943,-0.166540,-0.155885,-0.094926,-0.077646,0.001599,0.012540,0.035160,0.115195,0.144760,0.247433,0.285517,0.427165,0.467308,0.590706,0.637402,0.687211,0.895621,0.997533,1.084904,1.269007,1.230825,1.156486,1.056126,0.949142,0.899206,0.862957,0.852007,0.824309,0.845991,0.842118,0.713549,0.699455,0.696301,0.500925,0.467045,0.289194,0.313030,0.148720,0.174403,0.000000,-0.219184,-0.205658,-0.444999,-0.656575,-0.874514,-0.827235,-0.968103,-1.021772,-1.037362,-1.068296,-1.056240,-1.071289,-1.105825,-1.134042,-1.169673,-1.111666,-1.141863,-1.173741,-1.113249,-1.143031,-1.096831,-1.119477,-1.086350,-1.129639,-1.116679,-1.165241,-1.139096,-1.122786,-1.110401,-1.149412,-1.136996,-1.129786,-1.132746,-1.141910,-1.144413,-1.142298,-1.137928,-1.135989,-1.133127,-1.124875,-1.106806,-1.076805,-0.990557,-0.949191,-0.911961,-0.861231,-0.772345,-0.756204,-0.757718,-0.722552,-0.741411,-0.711591,-0.726016,-0.695210,-0.707503,-0.688711,-0.699206,-0.668795,-0.683293,-0.651386,-0.657983,-0.619384,-0.622313
-0.385981,-0.395821,-0.408262,-0.385837,-0.398758,-0.415045,-0.426010,-0.432468,-0.380835,-0.379946,-0.373665,-0.315361,-0.314443,-0.305202,-0.235105,-0.234913,-0.159976,-0.159787,-0.075355,-0.065559,0.032988,0.066935,0.178332,0.187828,0.312107,0.456059,0.517621,0.582828,0.791901,0.812412,0.934626,0.873108,0.792095,0.823719,0.775982,0.738959,0.724120,0.694248,0.711937,0.707814,0.713549,0.559185,0.548237,0.500925,0.302467,0.289194,0.129187,0.148720,-0.030451,0.000000,-0.219184,-0.439792,-0.444999,-0.656575,-0.874514,-1.069193,-0.968103,-1.021772,-1.037362,-1.068296,-1.056240,-1.071289,-1.105825,-1.134042,-1.169673,-1.212975,-1.141863,-1.173741,-1.199421,-1.143031,-1.173258,-1.119477,-1.154419,-1.129639,-1.178856,-1.165241,-1.139096,-1.122786,-1.165327,-1.149412,-1.136996,-1.129786,-1.132746,-1.141910,-1.144413,-1.142298,-1.137928,-1.135989,-1.133127,-1.124875,-1.106806,-1.023894,-0.990557,-0.949191,-0.911961,-0.812094,-0.772345,-0.710223,-0.712535,-0.677883,-0.696915,-0.667489,-0.682159,-0.652088,-0.664938,-0.646486,-0.657344,-0.627136,-0.600197,-0.609904,-0.574893,-0.577792,-0.538811
-0.524187,-0.534640,-0.547485,-0.574299,-0.588521,-0.606703,-0.571732,-0.579719,-0.579999,-0.582950,-0.529009,-0.527997,-0.533960,-0.475869,-0.471809,-0.420503,-0.420158,-0.366024,-0.368841,-0.300303,-0.219541,-0.203238,-0.110644,-0.114330,-0.013188,0.109329,0.139621,0.306359,0.352396,0.508014,0.490329,0.589731,0.528063,0.572875,0.529532,0.490964,0.596232,0.564186,0.577882,0.573511,0.577460,0.559185,0.400173,0.345175,0.302467,0.115207,0.129187,0.148720,-0.030451,-0.211518,-0.219184,-0.439792,-0.444999,-0.656575,-0.874514,-1.069193,-1.196255,-1.021772,-1.037362,-1.068296,-1.056240,-1.071289,-1.105825,-1.134042,-1.169673,-1.212975,-1.237233,-1.173741,-1.199421,-1.224284,-1.173258,-1.191263,-1.154419,-1.129639,-1.178856,-1.165241,-1.139096,-1.179040,-1.165327,-1.149412,-1.136996,-1.129786,-1.132746,-1.141910,-1.144413,-1.142298,-1.137928,-1.135989,-1.133127,-1.124875,-1.053794,-1.023894,-0.990557,-0.949191,-0.861144,-0.812094,-0.725033,-0.710223,-0.667353,-0.677883,-0.652418,-0.667489,-0.638301,-0.608965,-0.622373,-0.604262,-0.573620,-0.585477,-0.558649,-0.568421,-0.533348,-0.536200,-0.497060
-0.662393,-0.673459,-0.686708,-0.715645,-0.730843,-0.750447,-0.766030,-0.726971,-0.729373,-0.735203,-0.736134,-0.687474,-0.698598,-0.646537,-0.649337,-0.606093,-0.615294,-0.572260,-0.588957,-0.535048,-0.472070,-0.473411,-0.399620,-0.416489,-0.338482,-0.237400,-0.238378,-0.108346,0.059393,0.051418,0.194130,0.164665,0.264032,0.196608,0.283083,0.242968,0.340457,0.304063,0.309774,0.304905,0.305281,0.418915,0.252109,0.189425,0.137889,0.115207,0.129187,-0.044355,-0.030451,-0.211518,-0.219184,-0.439792,-0.690744,-0.656575,-0.874514,-1.069193,-1.196255,-1.226126,-1.037362,-1.068296,-1.056240,-1.071289,-1.105825,-1.134042,-1.169673,-1.212975,-1.237233,-1.173741,-1.199421,-1.224284,-1.173258,-1.191263,-1.154419,-1.194642,-1.178856,-1.165241,-1.197149,-1.179040,-1.165327,-1.149412,-1.136996,-1.129786,-1.132746,-1.141910,-1.144413,-1.142298,-1.137928,-1.135989,-1.133127,-1.124875,-1.053794,-1.023894,-0.990557,-0.897123,-0.861144,-0.762957,-0.725033,-0.664242,-0.667353,-0.633214,-0.607921,-0.623387,-0.594444,-0.608965,-0.579807,-0.562038,-0.573620,-0.543818,-0.558649,-0.526939,-0.533348,-0.494608,-0.497060
-0.800599,-0.812278,-0.825931,-0.856992,-0.825724,-0.846277,-0.863178,-0.874222,-0.878746,-0.887456,-0.839696,-0.846950,-0.808356,-0.817204,-0.826866,-0.791683,-0.745385,-0.778497,-0.735700,-0.769792,-0.724599,-0.653526,-0.688596,-0.617928,-0.555345,-0.584130,-0.490378,-0.384816,-0.380112,-0.252979,-0.250168,-0.118712,0.000000,-0.054237,0.036634,-0.005027,0.084682,0.043940,0.041666,0.170601,0.169192,0.138375,0.104045,0.033676,-0.026688,-0.058779,-0.054656,-0.044355,-0.235305,-0.211518,-0.441370,-0.439792,-0.690744,-0.903208,-0.874514,-1.069193,-1.196255,-1.226126,-1.037362,-1.068296,-1.056240,-1.071289,-1.105825,-1.134042,-1.169673,-1.212975,-1.237233,-1.173741,-1.199421,-1.224284,-1.173258,-1.191263,-1.154419,-1.194642,-1.178856,-1.165241,-1.197149,-1.179040,-1.165327,-1.149412,-1.136996,-1.129786,-1.132746,-1.141910,-1.144413,-1.142298,-1.137928,-1.135989,-1.133127,-1.124875,-1.053794,-1.023894,-0.937860,-0.897123,-0.810326,-0.762957,-0.677720,-0.664242,-0.622171,-0.633214,-0.607921,-0.579285,-0.594444,-0.565842,-0.579807,-0.562038,-0.573620,-0.543818,-0.558649,-0.526939,-0.533348,-0.536200,-0.497060
-0.892737,-0.904824,-0.918746,-0.951223,-0.968047,-0.990021,-0.960327,-0.972390,-0.978328,-0.988958,-0.943259,-0.953268,-0.972994,-0.930982,-0.945218,-0.915409,-0.940521,-0.915988,-0.882443,-0.926288,-0.892952,-0.833641,-0.881247,-0.819367,-0.880640,-0.815283,-0.742377,-0.799521,-0.673116,-0.557376,-0.546366,-0.402089,-0.396047,-0.305081,-0.209815,-0.253022,-0.171093,-0.216183,-0.226443,-0.098005,-0.102986,-0.142166,-0.192083,-0.122074,-0.191266,-0.232766,-0.238499,-0.237430,-0.235305,-0.423037,-0.441370,-0.673926,-0.690744,-0.903208,-0.874514,-1.069193,-1.196255,-1.226126,-1.037362,-1.068296,-1.056240,-1.071289,-1.105825,-1.134042,-1.169673,-1.212975,-1.237233,-1.173741,-1.199421,-1.224284,-1.173258,-1.191263,-1.154419,-1.194642,-1.178856,-1.165241,-1.197149,-1.179040,-1.165327,-1.149412,-1.136996,-1.129786,-1.132746,-1.141910,-1.144413,-1.142298,-1.137928,-1.135989,-1.133127,-1.124875,-1.053794,-1.023894,-0.937860,-0.897123,-0.810326,-0.762957,-0.677720,-0.664242,-0.622171,-0.588545,-0.607921,-0.579285,-0.594444,-0.565842,-0.579807,-0.562038,-0.573620,-0.585477,-0.558649,-0.568421,-0.533348,-0.536200,-0.538811
-0.984874,-0.997370,-1.011561,-1.045454,-1.062928,-1.037935,-1.057475,-1.070557,-1.077911,-1.039709,-1.046822,-1.059586,-1.027873,-1.044760,-1.004394,-1.039136,-1.005566,-1.053479,-1.029187,-1.004536,-1.061304,-1.013756,-1.073897,-1.020806,-0.989072,-1.046436,-0.994377,-0.937756,-0.966119,-0.861773,-0.842565,-0.685467,-0.660079,-0.555926,-0.456264,-0.501017,-0.426868,-0.476307,-0.494551,-0.366612,-0.375165,-0.282436,-0.340147,-0.433574,-0.520422,-0.406753,-0.422342,-0.430504,-0.440160,-0.423037,-0.663556,-0.673926,-0.690744,-0.903208,-1.123414,-1.069193,-1.196255,-1.226126,-1.037362,-1.068296,-1.056240,-1.071289,-1.105825,-1.134042,-1.169673,-1.212975,-1.141863,-1.173741,-1.199421,-1.224284,-1.173258,-1.191263,-1.154419,-1.194642,-1.178856,-1.165241,-1.197149,-1.179040,-1.165327,-1.149412,-1.136996,-1.129786,-1.132746,-1.141910,-1.144413,-1.142298,-1.137928,-1.135989,-1.133127,-1.072191,-1.053794,-1.023894,-0.937860,-0.897123,-0.810326,-0.762957,-0.677720,-0.664242,-0.622171,-0.588545,-0.607921,-0.579285,-0.594444,-0.608965,-0.579807,-0.604262,-0.573620,-0.585477,-0.558649,-0.568421,-0.574893,-0.536200,-0.538811
-1.077012,-1.089916,-1.057969,-1.092569,-1.110369,-1.133765,-1.154624,-1.119641,-1.127702,-1.141211,-1.150384,-1.112745,-1.137632,-1.101649,-1.122746,-1.100999,-1.135657,-1.122225,-1.175930,-1.161032,-1.145481,-1.193872,-1.170223,-1.222245,-1.205935,-1.162012,-1.246377,-1.214226,-1.112620,-1.166171,-0.990664,-0.968844,-0.792095,-0.806770,-0.702713,-0.749013,-0.682643,-0.736430,-0.628606,-0.635218,-0.647343,-0.562976,-0.636275,-0.589324,-0.684999,-0.754726,-0.790029,-0.623579,-0.645014,-0.634555,-0.663556,-0.908060,-0.936490,-0.903208,-1.123414,-1.069193,-1.196255,-1.226126,-1.037362,-1.068296,-1.056240,-1.071289,-1.105825,-1.134042,-1.169673,-1.111666,-1.141863,-1.173741,-1.199421,-1.143031,-1.173258,-1.191263,-1.154419,-1.194642,-1.178856,-1.165241,-1.139096,-1.179040,-1.165327,-1.149412,-1.136996,-1.129786,-1.132746,-1.141910,-1.144413,-1.142298,-1.137928,-1.135989,-1.080687,-1.072191,-1.053794,-1.023894,-0.937860,-0.897123,-0.810326,-0.762957,-0.677720,-0.664242,-0.622171,-0.633214,-0.607921,-0.623387,-0.594444,-0.608965,-0.622373,-0.604262,-0.615482,-0.585477,-0.600197,-0.609904,-0.574893,-0.577792,-0.580562
-1.123080,-1.136189,-1.150784,-1.186800,-1.205250,-1.181679,-1.203198,-1.217809,-1.177493,-1.191962,-1.202165,-1.165903,-1.192511,-1.158538,-1.181922,-1.224726,-1.200702,-1.259716,-1.249302,-1.317528,-1.313833,-1.373987,-1.362873,-1.322965,-1.422798,-1.393165,-1.372377,-1.490696,-1.405624,-1.318369,-1.286862,-1.110533,-1.056126,-0.932193,-0.949162,-0.873010,-0.938417,-0.866491,-0.896714,-0.903825,-0.783432,-0.843516,-0.784339,-0.900823,-0.849577,-0.928713,-0.973872,-1.009728,-0.849868,-0.846074,-0.885742,-0.908060,-0.936490,-1.149840,-1.123414,-1.311151,-1.196255,-1.226126,-1.037362,-1.068296,-1.056240,-1.071289,-1.105825,-1.021850,-1.064117,-1.111666,-1.141863,-1.173741,-1.199421,-1.143031,-1.173258,-1.119477,-1.154419,-1.129639,-1.178856,-1.165241,-1.139096,-1.122786,-1.110401,-1.095884,-1.084311,-1.077794,-1.080811,-1.089845,-1.092331,-1.090247,-1.085981,-1.083938,-1.080687,-1.072191,-1.053794,-1.023894,-0.937860,-0.897123,-0.810326,-0.762957,-0.677720,-0.664242,-0.622171,-0.633214,-0.607921,-0.623387,-0.638301,-0.608965,-0.622373,-0.646486,-0.615482,-0.627136,-0.641745,-0.609904,-0.616438,-0.619384,-0.622313
-1.215218,-1.228734,-1.243599,-1.233915,-1.252691,-1.277509,-1.251772,-1.266892,-1.277075,-1.242713,-1.253947,-1.219062,-1.247390,-1.215427,-1.241098,-1.286589,-1.265747,-1.328462,-1.322674,-1.395776,-1.398010,-1.464044,-1.459199,-1.524404,-1.531230,-1.624318,-1.624376,-1.628931,-1.698627,-1.622766,-1.434962,-1.252221,-1.188142,-1.057615,-0.949162,-0.997008,-1.066305,-0.996553,-1.030768,-1.038128,-0.919522,-0.983786,-1.080467,-1.056573,-1.178733,-1.102699,-1.157715,-1.202803,-1.054722,-1.057592,-1.107928,-1.142193,-1.182235,-1.149840,-1.123414,-1.311151,-1.196255,-1.226126,-1.037362,-1.068296,-1.056240,-1.071289,-0.986014,-1.021850,-1.064117,-1.111666,-1.141863,-1.173741,-1.113249,-1.143031,-1.173258,-1.119477,-1.154419,-1.129639,-1.178856,-1.165241,-1.139096,-1.122786,-1.110401,-1.095884,-1.084311,-1.077794,-1.080811,-1.089845,-1.092331,-1.090247,-1.137928,-1.083938,-1.080687,-1.072191,-1.053794,-0.970983,-0.937860,-0.897123,-0.810326,-0.762957,-0.725033,-0.664242,-0.667353,-0.633214,-0.652418,-0.623387,-0.638301,-0.652088,-0.622373,-0.646486,-0.657344,-0.668795,-0.641745,-0.651386,-0.657983,-0.660976,-0.622313
-1.261287,-1.275007,-1.290007,-1.328146,-1.300131,-1.325423,-1.348921,-1.315976,-1.326866,-1.293464,-1.305728,-1.272221,-1.302269,-1.272316,-1.300274,-1.286589,-1.330793,-1.328462,-1.396045,-1.395776,-1.482186,-1.464044,-1.555524,-1.625123,-1.639661,-1.739895,-1.750376,-1.767166,-1.845129,-1.774965,-1.583061,-1.393910,-1.320158,-1.183037,-1.072386,-1.121006,-1.066305,-0.996553,-1.030768,-1.038128,-1.055611,-0.983786,-1.080467,-1.212323,-1.343311,-1.450673,-1.341558,-1.395878,-1.259576,-1.269110,-1.330114,-1.376327,-1.427981,-1.396473,-1.372315,-1.311151,-1.196255,-1.226126,-1.215471,-1.068296,-1.056240,-1.071289,-0.986014,-1.021850,-1.064117,-1.111666,-1.141863,-1.173741,-1.113249,-1.143031,-1.173258,-1.119477,-1.154419,-1.129639,-1.178856,-1.165241,-1.139096,-1.122786,-1.110401,-1.095884,-1.084311,-1.077794,-1.080811,-1.089845,-1.092331,-1.142298,-1.137928,-1.135989,-1.080687,-1.072191,-1.053794,-0.970983,-0.937860,-0.897123,-0.810326,-0.762957,-0.725033,-0.664242,-0.667353,-0.677883,-0.652418,-0.667489,-0.638301,-0.652088,-0.664938,-0.688711,-0.657344,-0.668795,-0.683293,-0.692869,-0.657983,-0.660976,-0.664064
-1.353424,-1.321280,-1.336415,-1.375262,-1.347572,-1.373338,-1.348921,-1.365060,-1.326866,-1.344215,-1.305728,-1.325380,-1.302269,-1.272316,-1.300274,-1.286589,-1.330793,-1.328462,-1.396045,-1.474024,-1.482186,-1.554102,-1.555524,-1.625123,-1.639661,-1.739895,-1.750376,-1.905401,-1.845129,-1.927164,-1.731160,-1.535598,-1.452174,-1.308460,-1.195611,-1.121006,-1.194192,-1.126614,-1.030768,-1.038128,-1.055611,-0.983786,-1.080467,-1.212323,-1.343311,-1.450673,-1.525401,-1.588952,-1.464430,-1.480629,-1.552301,-1.376327,-1.427981,-1.396473,-1.372315,-1.311151,-1.424407,-1.226126,-1.215471,-1.068296,-1.056240,-1.071289,-0.986014,-1.021850,-1.064117,-1.111666,-1.141863,-1.083266,-1.113249,-1.143031,-1.096831,-1.119477,-1.154419,-1.129639,-1.116679,-1.165241,-1.139096,-1.122786,-1.110401,-1.095884,-1.084311,-1.077794,-1.080811,-1.089845,-1.144413,-1.142298,-1.137928,-1.135989,-1.080687,-1.072191,-1.053794,-0.970983,-0.937860,-0.897123,-0.810326,-0.762957,-0.725033,-0.664242,-0.667353,-0.677883,-0.652418,-0.667489,-0.682159,-0.652088,-0.664938,-0.688711,-0.699206,-0.710454,-0.683293,-0.692869,-0.699528,-0.702568,-0.664064
-1.353424,-1.367553,-1.382822,-1.375262,-1.395013,-1.373338,-1.397495,-1.365060,-1.376657,-1.344215,-1.357509,-1.325380,-1.302269,-1.329205,-1.300274,-1.286589,-1.330793,-1.328462,-1.396045,-1.395776,-1.482186,-1.554102,-1.555524,-1.625123,-1.639661,-1.739895,-1.876376,-1.905401,-1.991630,-1.927164,-1.879260,-1.677287,-1.452174,-1.433882,-1.318836,-1.245003,-1.322080,-1.256676,-1.164823,-1.172431,-1.055611,-0.983786,-1.080467,-1.212323,-1.343311,-1.450673,-1.525401,-1.588952,-1.669284,-1.692147,-1.552301,-1.610461,-1.673726,-1.643105,-1.621215,-1.553109,-1.424407,-1.226126,-1.215471,-1.068296,-1.056240,-0.942804,-0.986014,-1.021850,-1.064117,-1.111666,-1.046493,-1.083266,-1.113249,-1.143031,-1.096831,-1.119477,-1.086350,-1.129639,-1.116679,-1.165241,-1.139096,-1.122786,-1.110401,-1.095884,-1.084311,-1.077794,-1.080811,-1.141910,-1.144413,-1.142298,-1.137928,-1.083938,-1.080687,-1.072191,-1.000782,-0.970983,-0.937860,-0.897123,-0.810326,-0.762957,-0.725033,-0.664242,-0.667353,-0.677883,-0.696915,-0.667489,-0.682159,-0.695210,-0.707503,-0.730935,-0.699206,-0.710454,-0.724840,-0.692869,-0.699528,-0.702568,-0.664064
-1.353424,-1.367553,-1.382822,-1.375262,-1.395013,-1.373338,-1.397495,-1.365060,-1.376657,-1.344215,-1.357509,-1.325380,-1.302269,-1.329205,-1.300274,-1.286589,-1.330793,-1.328462,-1.396045,-1.395776,-1.482186,-1.554102,-1.555524,-1.625123,-1.639661,-1.739895,-1.876376,-1.905401,-1.991630,-1.927164,-1.879260,-1.677287,-1.584189,-1.433882,-1.442060,-1.369001,-1.449967,-1.386737,-1.298877,-1.306734,-1.191700,-1.124056,-1.228531,-1.212323,-1.343311,-1.450673,-1.525401,-1.588952,-1.669284,-1.692147,-1.774487,-1.610461,-1.673726,-1.643105,-1.621215,-1.553109,-1.424407,-1.226126,-1.215471,-1.068296,-1.056240,-0.942804,-0.986014,-1.021850,-1.064117,-1.010356,-1.046493,-1.083266,-1.113249,-1.061778,-1.096831,-1.119477,-1.086350,-1.129639,-1.116679,-1.104984,-1.139096,-1.122786,-1.055475,-1.042355,-1.084311,-1.077794,-1.080811,-1.089845,-1.092331,-1.090247,-1.085981,-1.083938,-1.028247,-1.019507,-1.000782,-0.970983,-0.885163,-0.845055,-0.810326,-0.762957,-0.725033,-0.664242,-0.667353,-0.677883,-0.696915,-0.667489,-0.682159,-0.695210,-0.707503,-0.730935,-0.699206,-0.710454,-0.724840,-0.692869,-0.699528,-0.702568,-0.664064
-1.353424,-1.321280,-1.336415,-1.328146,-1.347572,-1.373338,-1.348921,-1.365060,-1.376657,-1.344215,-1.305728,-1.325380,-1.302269,-1.272316,-1.300274,-1.286589,-1.330793,-1.328462,-1.396045,-1.395776,-1.482186,-1.464044,-1.555524,-1.625123,-1.639661,-1.739895,-1.876376,-1.905401,-1.991630,-1.927164,-1.879260,-1.677287,-1.584189,-1.559304,-1.442060,-1.492999,-1.449967,-1.516799,-1.432931,-1.306734,-1.327789,-1.264326,-1.228531,-1.368072,-1.343311,-1.450673,-1.525401,-1.588952,-1.669284,-1.692147,-1.774487,-1.844595,-1.673726,-1.643105,-1.621215,-1.553109,-1.424407,-1.226126,-1.215471,-1.068296,-1.056240,-0.942804,-0.986014,-1.021850,-0.958561,-1.010356,-1.046493,-1.083266,-1.113249,-1.061778,-1.096831,-1.119477,-1.086350,-1.129639,-1.116679,-1.104984,-1.081043,-1.066533,-1.055475,-1.042355,-1.031626,-1.077794,-1.080811,-1.089845,-1.092331,-1.038197,-1.034034,-1.031886,-0.975808,-0.966823,-0.947770,-0.918073,-0.885163,-0.792986,-0.759509,-0.713819,-0.677720,-0.664242,-0.667353,-0.633214,-0.652418,-0.667489,-0.682159,-0.695210,-0.707503,-0.688711,-0.699206,-0.710454,-0.724840,-0.692869,-0.699528,-0.660976,-0.664064
-1.261287,-1.275007,-1.290007,-1.281031,-1.300131,-1.325423,-1.300347,-1.315976,-1.326866,-1.293464,-1.305728,-1.272221,-1.302269,-1.272316,-1.300274,-1.286589,-1.265747,-1.328462,-1.322674,-1.395776,-1.482186,-1.464044,-1.555524,-1.625123,-1.639661,-1.739895,-1.750376,-1.905401,-1.991630,-1.927164,-1.879260,-1.677287,-1.584189,-1.433882,-1.442060,-1.492999,-1.449967,-1.516799,-1.432931,-1.441038,-1.327789,-1.404596,-1.376595,-1.368072,-1.507888,-1.450673,-1.525401,-1.588952,-1.464430,-1.480629,-1.552301,-1.610461,-1.673726,-1.643105,-1.621215,-1.553109,-1.424407,-1.226126,-1.215471,-1.068296,-1.056240,-0.942804,-0.986014,-1.021850,-0.958561,-1.010356,-1.046493,-1.083266,-1.027077,-1.061778,-1.096831,-1.047691,-1.086350,-1.064637,-1.054501,-1.104984,-1.081043,-1.066533,-1.055475,-1.042355,-1.031626,-1.025801,-1.028876,-1.037780,-0.988165,-0.986146,-0.982086,-0.927783,-0.923368,-0.914139,-0.894758,-0.865162,-0.832466,-0.792986,-0.708692,-0.664682,-0.630407,-0.618260,-0.622171,-0.633214,-0.607921,-0.623387,-0.638301,-0.652088,-0.664938,-0.688711,-0.657344,-0.668795,-0.683293,-0.692869,-0.657983,-0.660976,-0.622313
-1.215218,-1.228734,-1.197192,-1.233915,-1.252691,-1.229594,-1.251772,-1.266892,-1.277075,-1.242713,-1.253947,-1.272221,-1.247390,-1.272316,-1.241098,-1.286589,-1.265747,-1.328462,-1.322674,-1.395776,-1.398010,-1.464044,-1.459199,-1.524404,-1.639661,-1.624318,-1.750376,-1.767166,-1.845129,-1.927164,-1.731160,-1.677287,-1.452174,-1.433882,-1.318836,-1.369001,-1.449967,-1.386737,-1.432931,-1.306734,-1.327789,-1.264326,-1.376595,-1.368072,-1.507888,-1.450673,-1.525401,-1.395878,-1.464430,-1.480629,-1.552301,-1.610461,-1.673726,-1.643105,-1.621215,-1.553109,-1.424407,-1.226126,-1.215471,-1.068296,-0.915662,-0.942804,-0.986014,-0.909659,-0.958561,-1.010356,-1.046493,-0.992790,-1.027077,-1.061778,-1.020404,-1.047691,-1.018280,-1.064637,-1.054501,-1.044727,-1.022990,-1.010280,-1.000549,-0.988827,-0.978941,-0.973808,-0.976940,-0.933651,-0.936082,-0.882045,-0.878191,-0.875732,-0.870928,-0.861455,-0.841746,-0.759340,-0.727073,-0.688850,-0.657875,-0.615545,-0.583095,-0.572279,-0.576989,-0.588545,-0.563424,-0.579285,-0.594444,-0.608965,-0.579807,-0.604262,-0.615482,-0.627136,-0.641745,-0.609904,-0.616438,-0.577792,-0.580562
-1.123080,-1.136189,-1.150784,-1.139685,-1.157809,-1.181679,-1.203198,-1.168725,-1.177493,-1.191962,-1.202165,-1.219062,-1.192511,-1.215427,-1.241098,-1.224726,-1.265747,-1.259716,-1.322674,-1.317528,-1.398010,-1.373987,-1.459199,-1.423684,-1.531230,-1.508742,-1.624376,-1.628931,-1.698627,-1.622766,-1.583061,-1.535598,-1.320158,-1.308460,-1.195611,-1.245003,-1.194192,-1.256676,-1.164823,-1.172431,-1.191700,-1.264326,-1.228531,-1.368072,-1.343311,-1.450673,-1.341558,-1.395878,-1.464430,-1.480629,-1.552301,-1.610461,-1.673726,-1.643105,-1.621215,-1.553109,-1.424407,-1.226126,-1.037362,-1.068296,-0.915662,-0.942804,-0.866203,-0.909659,-0.958561,-1.010356,-0.951123,-0.992790,-1.027077,-0.980525,-1.020404,-0.975905,-1.018280,-0.999634,-0.992323,-0.984470,-0.964937,-0.954026,-0.945622,-0.935299,-0.926256,-0.921816,-0.873070,-0.881586,-0.831917,-0.829994,-0.826244,-0.771629,-0.766048,-0.756087,-0.735721,-0.706430,-0.674376,-0.636781,-0.607058,-0.566407,-0.535782,-0.526298,-0.486624,-0.499207,-0.518928,-0.535183,-0.550587,-0.522719,-0.537242,-0.519814,-0.531759,-0.543818,-0.517101,-0.526939,-0.533348,-0.494608,-0.497060
-1.030943,-1.043643,-1.057969,-1.045454,-1.062928,-1.085850,-1.106050,-1.119641,-1.077911,-1.090460,-1.098603,-1.112745,-1.137632,-1.158538,-1.181922,-1.162863,-1.200702,-1.190971,-1.249302,-1.317528,-1.313833,-1.373987,-1.362873,-1.322965,-1.422798,-1.393165,-1.498377,-1.490696,-1.552125,-1.470568,-1.434962,-1.252221,-1.188142,-1.057615,-1.072386,-0.997008,-1.066305,-0.996553,-1.030768,-1.038128,-1.055611,-0.983786,-1.080467,-1.212323,-1.178733,-1.276686,-1.341558,-1.202803,-1.259576,-1.269110,-1.330114,-1.376327,-1.427981,-1.643105,-1.621215,-1.553109,-1.424407,-1.226126,-1.037362,-0.909553,-0.915662,-0.814318,-0.866203,-0.909659,-0.853005,-0.909047,-0.951123,-0.902314,-0.940905,-0.980525,-0.943977,-0.975905,-0.950211,-0.934632,-0.930145,-0.924213,-0.906883,-0.897773,-0.890696,-0.881770,-0.873572,-0.869823,-0.821135,-0.777456,-0.779834,-0.725893,-0.722349,-0.719577,-0.713608,-0.703403,-0.682709,-0.653519,-0.621679,-0.584713,-0.505424,-0.468133,-0.441157,-0.434336,-0.441442,-0.454538,-0.429934,-0.446979,-0.462872,-0.436473,-0.452112,-0.435366,-0.406173,-0.418841,-0.392458,-0.402492,-0.367168,-0.369832,-0.330057
-0.938806,-0.951097,-0.965154,-0.951223,-0.968047,-0.990021,-1.008901,-1.021474,-1.028119,-0.988958,-0.995040,-1.006427,-1.027873,-1.044760,-1.063570,-1.100999,-1.135657,-1.190971,-1.175930,-1.239280,-1.229657,-1.283929,-1.266548,-1.322965,-1.314366,-1.277589,-1.372377,-1.352461,-1.259122,-1.318369,-1.138763,-0.968844,-0.924111,-0.806770,-0.825937,-0.749013,-0.810530,-0.866491,-0.762660,-0.769521,-0.783432,-0.843516,-0.784339,-0.900823,-1.014155,-1.102699,-0.973872,-1.009728,-1.054722,-1.057592,-1.107928,-1.142193,-1.427981,-1.396473,-1.372315,-1.311151,-1.196255,-1.021772,-1.037362,-0.909553,-0.775083,-0.814318,-0.746392,-0.797468,-0.853005,-0.807737,-0.855753,-0.902314,-0.854733,-0.899272,-0.943977,-0.904118,-0.882142,-0.869629,-0.867968,-0.863956,-0.848830,-0.841520,-0.835770,-0.828242,-0.768202,-0.765838,-0.717265,-0.725391,-0.675668,-0.673843,-0.670402,-0.615474,-0.608728,-0.598035,-0.576685,-0.547698,-0.516286,-0.480577,-0.454607,-0.418995,-0.346532,-0.342373,-0.351078,-0.365200,-0.340941,-0.358775,-0.331300,-0.350228,-0.324416,-0.308693,-0.280588,-0.252206,-0.226267,-0.236562,-0.200988,-0.161872,-0.163054
-0.846668,-0.858551,-0.872338,-0.856992,-0.873165,-0.894191,-0.911752,-0.923306,-0.878746,-0.887456,-0.891478,-0.900109,-0.918115,-0.987871,-1.004394,-1.039136,-1.005566,-1.053479,-1.102558,-1.161032,-1.145481,-1.193872,-1.170223,-1.222245,-1.205935,-1.162012,-1.246377,-1.214226,-1.112620,-1.013972,-0.842565,-0.827155,-0.660079,-0.555926,-0.579488,-0.501017,-0.554755,-0.476307,-0.494551,-0.500915,-0.511254,-0.562976,-0.488211,-0.589324,-0.684999,-0.754726,-0.790029,-0.816654,-0.849868,-0.846074,-0.885742,-0.908060,-1.182235,-1.149840,-1.372315,-1.311151,-1.196255,-1.021772,-0.859254,-0.750810,-0.775083,-0.685833,-0.746392,-0.685277,-0.747450,-0.807737,-0.760383,-0.811838,-0.854733,-0.818019,-0.867550,-0.832332,-0.814072,-0.804626,-0.805790,-0.803699,-0.790777,-0.785266,-0.780844,-0.721185,-0.715517,-0.713845,-0.665330,-0.621261,-0.623586,-0.621792,-0.566507,-0.563423,-0.556288,-0.545351,-0.523673,-0.494787,-0.463589,-0.376440,-0.352973,-0.320721,-0.251907,-0.250411,-0.260713,-0.231192,-0.251948,-0.226469,-0.199729,-0.177736,-0.154155,-0.139796,-0.113140,-0.085570,-0.060076,-0.029150,0.006737,0.046088,0.045700
-0.754531,-0.766005,-0.779523,-0.762761,-0.778284,-0.798362,-0.814604,-0.776055,-0.779164,-0.785954,-0.787915,-0.793791,-0.808356,-0.874093,-0.886042,-0.915409,-0.940521,-0.984734,-1.029187,-1.004536,-1.061304,-1.103814,-1.073897,-1.121526,-1.097503,-1.046436,-0.994377,-1.075991,-0.966119,-0.861773,-0.694465,-0.543778,-0.396047,-0.305081,-0.209815,-0.253022,-0.171093,-0.086122,-0.092389,-0.098005,-0.102986,-0.142166,-0.192083,-0.277824,-0.355844,-0.406753,-0.422342,-0.623579,-0.645014,-0.634555,-0.663556,-0.673926,-0.936490,-0.903208,-1.123414,-1.069193,-0.968103,-1.021772,-0.859254,-0.750810,-0.634504,-0.557348,-0.626580,-0.573085,-0.641894,-0.706428,-0.760383,-0.721362,-0.768561,-0.818019,-0.791123,-0.760546,-0.746003,-0.739624,-0.743612,-0.743442,-0.732724,-0.729013,-0.670991,-0.667657,-0.662832,-0.609860,-0.613395,-0.569196,-0.571503,-0.569742,-0.514560,-0.511371,-0.503848,-0.492667,-0.470661,-0.388965,-0.358196,-0.324372,-0.251339,-0.222446,-0.157282,-0.158449,-0.125167,-0.097185,-0.073961,-0.050062,-0.024299,-0.005245,0.016106,0.071325,0.096169,0.122725,0.189211,0.219745,0.256007,0.295641,0.296205
-0.662393,-0.673459,-0.640300,-0.668530,-0.683402,-0.654618,-0.668881,-0.677887,-0.679582,-0.684452,-0.684353,-0.687474,-0.698598,-0.703426,-0.767690,-0.791683,-0.810430,-0.847243,-0.882443,-0.926288,-0.977128,-0.923699,-0.977572,-0.920086,-0.989072,-0.930859,-0.868377,-0.799521,-0.673116,-0.557376,-0.398267,-0.260401,-0.132016,-0.054237,0.036634,0.118971,0.212570,0.304063,0.309774,0.304905,0.305281,0.278645,0.252109,0.033676,-0.026688,-0.058779,-0.238499,-0.237430,-0.235305,-0.423037,-0.441370,-0.439792,-0.444999,-0.656575,-0.625614,-0.827235,-0.968103,-0.817418,-0.681145,-0.592068,-0.493925,-0.557348,-0.506769,-0.460894,-0.536338,-0.605118,-0.569642,-0.630886,-0.682389,-0.736766,-0.714696,-0.688760,-0.746003,-0.739624,-0.681434,-0.683185,-0.674671,-0.616506,-0.616065,-0.614129,-0.557463,-0.557867,-0.561460,-0.517131,-0.519420,-0.517691,-0.462612,-0.459319,-0.451408,-0.387299,-0.364637,-0.336055,-0.252802,-0.220235,-0.149704,-0.124171,-0.062657,-0.020505,0.010380,0.036822,0.059529,0.126346,0.151130,0.210370,0.228932,0.282446,0.347340,0.372679,0.438498,0.468639,0.505277,0.545193,0.588461
-0.570256,-0.580913,-0.547485,-0.574299,-0.541080,-0.558789,-0.571732,-0.530636,-0.530208,-0.532199,-0.529009,-0.581156,-0.588839,-0.589648,-0.590161,-0.667956,-0.680339,-0.709752,-0.735700,-0.769792,-0.808775,-0.833641,-0.784921,-0.819367,-0.772209,-0.699706,-0.616378,-0.523051,-0.380112,-0.252979,-0.102068,0.164665,0.264032,0.322030,0.406308,0.490964,0.596232,0.694248,0.845991,0.842118,0.713549,0.699455,0.548237,0.500925,0.302467,0.289194,0.129187,0.148720,-0.030451,0.000000,-0.219184,-0.205658,-0.199253,-0.409943,-0.376714,-0.585277,-0.739952,-0.613063,-0.503036,-0.592068,-0.493925,-0.428863,-0.386958,-0.348703,-0.430782,-0.402500,-0.474272,-0.540410,-0.596217,-0.655513,-0.638269,-0.688760,-0.677934,-0.674621,-0.681434,-0.622928,-0.616618,-0.616506,-0.561139,-0.560601,-0.504778,-0.505875,-0.509525,-0.465066,-0.467337,-0.465641,-0.410665,-0.407268,-0.398969,-0.334615,-0.311625,-0.230233,-0.200105,-0.116098,-0.048070,-0.025897,0.079280,0.117438,0.145926,0.215498,0.237516,0.302754,0.370416,0.425984,0.484323,0.535791,0.598511,0.622632,0.687784,0.759016,0.796092,0.836337,0.880717
-0.478118,-0.442094,-0.454670,-0.432953,-0.446199,-0.415045,-0.426010,-0.383384,-0.380835,-0.379946,-0.373665,-0.421679,-0.424202,-0.475869,-0.471809,-0.482366,-0.550249,-0.572260,-0.588957,-0.613296,-0.640423,-0.653526,-0.592271,-0.617928,-0.555345,-0.468553,-0.364378,-0.246581,-0.087109,0.051418,0.194130,0.448042,0.528063,0.572875,0.652757,0.862957,0.979894,1.084432,1.114099,1.245028,1.121816,1.120265,0.992429,0.968174,0.796201,0.637167,0.496873,0.534869,0.379257,0.211518,0.003003,0.028476,-0.199253,-0.163311,-0.127814,-0.343319,-0.283648,-0.408709,-0.324928,-0.433325,-0.353347,-0.300378,-0.267147,-0.236511,-0.219670,-0.301190,-0.378902,-0.449934,-0.423873,-0.493008,-0.561842,-0.545187,-0.609864,-0.609619,-0.619257,-0.562671,-0.558565,-0.560253,-0.506212,-0.507072,-0.504778,-0.453882,-0.457590,-0.413001,-0.415255,-0.413590,-0.358718,-0.355216,-0.294089,-0.229247,-0.205601,-0.124412,-0.094712,-0.011962,0.053564,0.121515,0.173906,0.255382,0.326655,0.394174,0.460000,0.523264,0.589703,0.684721,0.739715,0.789136,0.849682,0.914245,0.978619,1.049393,1.086907,1.169073,1.214723
-0.385981,-0.349548,-0.315447,-0.291606,-0.303877,-0.271301,-0.280287,-0.236133,-0.231461,-0.227694,-0.218321,-0.262203,-0.259564,-0.305202,-0.294281,-0.358640,-0.355112,-0.434769,-0.442213,-0.456800,-0.472070,-0.473411,-0.495945,-0.416489,-0.338482,-0.352977,-0.238378,-0.108346,0.205894,0.355816,0.490329,0.731420,0.792095,0.949142,1.022431,1.110952,1.235669,1.344555,1.382208,1.513634,1.530084,1.400805,1.288557,1.279674,1.125356,0.985141,0.864560,0.727944,0.584111,0.423037,0.447375,0.262610,0.046492,0.083322,-0.127814,-0.101361,-0.055496,-0.204354,-0.146819,-0.274582,-0.212768,-0.171892,-0.147335,-0.124320,-0.114114,-0.098571,-0.188162,-0.268982,-0.337701,-0.411755,-0.408988,-0.473401,-0.473726,-0.544616,-0.557079,-0.502414,-0.500512,-0.504000,-0.506212,-0.453544,-0.452093,-0.401889,-0.405655,-0.360937,-0.363172,-0.309489,-0.306770,-0.251113,-0.189209,-0.176563,-0.099577,-0.018590,0.010682,0.092175,0.206015,0.268927,0.363156,0.439307,0.507384,0.572850,0.682483,0.743773,0.852847,0.943458,0.995106,1.084705,1.142715,1.247517,1.311001,1.381253,1.419266,1.501809,1.548730
-0.247775,-0.210730,-0.176224,-0.150260,-0.114114,-0.127557,-0.085990,-0.088881,-0.082088,-0.075441,-0.062977,-0.049567,-0.094926,-0.077646,-0.116753,-0.173050,-0.159976,-0.228533,-0.222098,-0.300303,-0.303717,-0.293296,-0.303295,-0.215050,-0.230051,-0.121824,0.013622,0.168124,0.352396,0.660213,0.786527,1.014797,1.056126,1.199986,1.268880,1.358947,1.491444,1.604678,1.650316,1.647937,1.666173,1.681345,1.584685,1.435424,1.454512,1.333114,1.232246,1.114093,0.993819,0.846074,0.669561,0.496743,0.292238,0.083322,0.121087,0.140597,0.172655,0.204354,0.031289,0.042903,-0.072189,-0.043407,-0.027524,0.100063,0.096997,0.104048,0.002578,-0.088031,-0.165357,-0.249249,-0.256134,-0.329829,-0.405656,-0.414611,-0.432723,-0.442156,-0.442459,-0.447746,-0.451286,-0.400016,-0.399408,-0.349897,-0.353720,-0.308872,-0.311089,-0.257439,-0.202876,-0.199062,-0.136769,-0.071195,0.006447,0.087231,0.168772,0.248380,0.358466,0.416339,0.552406,0.623231,0.688113,0.796196,0.904967,1.008385,1.115990,1.202195,1.293062,1.380274,1.477610,1.539129,1.643383,1.713112,1.793171,1.834545,1.882736
-0.109569,-0.071911,-0.037001,-0.008914,0.028208,0.016187,0.059733,0.058370,0.067285,0.076812,0.092367,0.109910,0.069711,0.093021,0.060775,0.012540,0.035160,-0.022296,-0.075355,-0.065559,-0.135365,-0.113180,-0.110644,-0.013611,-0.013188,0.109329,0.265621,0.444594,0.645399,0.812412,1.082726,1.298174,1.320158,1.450831,1.515329,1.606942,1.619332,1.734740,1.784371,1.782241,1.802262,1.821615,1.732749,1.591173,1.619090,1.507101,1.416089,1.307168,1.198674,1.057592,0.669561,0.496743,0.292238,0.329954,0.121087,0.140597,0.172655,0.204354,0.209398,0.201646,0.208968,0.213563,0.212098,0.212254,0.202553,0.205357,0.193318,0.183397,0.093159,-0.005490,-0.103280,-0.186256,-0.201448,-0.284606,-0.308368,-0.321642,-0.326353,-0.335239,-0.341433,-0.346487,-0.346723,-0.297904,-0.301785,-0.256807,-0.206923,-0.205388,-0.150928,-0.094959,-0.031889,0.034173,0.112472,0.193053,0.274166,0.404585,0.510918,0.612889,0.694343,0.807156,0.914023,1.019541,1.127450,1.228894,1.335277,1.460933,1.548454,1.675843,1.770643,1.872401,1.975765,2.044972,2.083986,2.167281,2.174992
0.028637,0.066908,0.102222,0.132433,0.170530,0.207846,0.205456,0.254705,0.266450,0.279816,0.299492,0.269386,0.289228,0.263689,0.238304,0.259993,0.230296,0.183941,0.144760,0.090937,0.032988,0.066935,0.082007,0.087109,0.203676,0.224906,0.391621,0.582828,0.791901,1.116809,1.230825,1.439863,1.584189,1.576253,1.638553,1.730940,1.747219,1.864802,1.918425,1.916544,1.938352,1.821615,1.880813,1.746923,1.619090,1.681088,1.599932,1.500242,1.403528,1.269110,0.891747,0.730877,0.537983,0.329954,0.369987,0.140597,0.400807,0.408709,0.387507,0.360389,0.349547,0.342048,0.331909,0.324445,0.413665,0.407976,0.384058,0.364349,0.351675,0.238269,0.126001,0.100889,0.002760,-0.089598,-0.121835,-0.201128,-0.210246,-0.222733,-0.231581,-0.239431,-0.241354,-0.193919,-0.197915,-0.152677,-0.102758,-0.101287,-0.047033,0.009144,0.072991,0.139541,0.218496,0.351785,0.432256,0.560790,0.663369,0.809438,0.883593,0.991081,1.094752,1.198217,1.349934,1.449404,1.598421,1.719670,1.846410,1.971413,2.063676,2.164014,2.225052,2.293866,2.333256,2.375242,2.383746
0.166843,0.252000,0.287853,0.320894,0.312852,0.351590,0.399753,0.401956,0.415823,0.432069,0.454836,0.482022,0.453866,0.434356,0.475008,0.445583,0.425432,0.390178,0.291504,0.247433,0.201341,0.247050,0.178332,0.187828,0.312107,0.340482,0.517621,0.721063,1.084904,1.269007,1.527023,1.581551,1.716205,1.701675,1.761778,1.730940,1.747219,1.864802,1.918425,1.916544,1.938352,1.821615,1.880813,1.746923,1.783667,1.681088,1.599932,1.500242,1.403528,1.269110,1.113933,0.965011,0.537983,0.329954,0.369987,0.382555,0.400807,0.408709,0.565615,0.519132,0.630705,0.599019,0.571532,0.548828,0.519221,0.509285,0.574798,0.545301,0.610191,0.482027,0.431709,0.316247,0.206968,0.170412,0.064698,0.039900,-0.036087,-0.053973,-0.066802,-0.078846,-0.083299,-0.089933,-0.042110,-0.048547,0.001408,0.054864,0.108809,0.165299,0.177871,0.297593,0.377532,0.457606,0.590346,0.716995,0.866637,0.956850,1.072844,1.175005,1.320663,1.421562,1.572417,1.714016,1.861565,1.978407,2.059236,2.182533,2.272985,2.330650,2.391243,2.418313,2.416346,2.458426,2.425497
0.351118,0.390819,0.427076,0.462241,0.502615,0.543249,0.545476,0.598292,0.614988,0.635073,0.661961,0.641498,0.673383,0.661912,0.652536,0.631173,0.555522,0.527669,0.511619,0.482177,0.369693,0.427165,0.370983,0.389267,0.420539,0.456059,0.643621,0.859298,1.231406,1.421206,1.675123,1.723240,1.716205,1.701675,1.761778,1.730940,1.747219,1.864802,1.918425,1.916544,1.938352,1.821615,1.880813,1.746923,1.619090,1.507101,1.416089,1.500242,1.403528,1.269110,1.113933,0.965011,0.783729,0.576587,0.369987,0.382555,0.400807,0.613063,0.565615,0.677874,0.771283,0.727504,0.691343,0.661019,0.624777,0.711904,0.670168,0.726253,0.782535,0.725786,0.660991,0.603392,0.479245,0.430422,0.313409,0.220671,0.196125,0.171041,0.097977,0.081739,0.074756,0.066045,0.113696,0.107648,0.157656,0.158965,0.212703,0.269402,0.335190,0.402961,0.536568,0.616338,0.748436,0.873200,1.019088,1.153399,1.262094,1.358930,1.501392,1.644907,1.794901,1.934525,2.036994,2.150898,2.229497,2.266982,2.314847,2.330650,2.349695,2.335349,2.374801,2.333650,2.341996
0.489324,0.529638,0.566299,0.603587,0.644937,0.686993,0.739773,0.745543,0.814152,0.838077,0.869086,0.854134,0.892900,0.889468,0.830064,0.816763,0.750659,0.733905,0.658362,0.638673,0.538046,0.517223,0.467308,0.489987,0.528970,0.571635,0.769621,0.997533,1.231406,1.573405,1.675123,1.723240,1.716205,1.701675,1.761778,1.730940,1.747219,1.864802,1.918425,1.916544,1.802262,1.821615,1.732749,1.746923,1.619090,1.507101,1.416089,1.307168,1.198674,1.269110,1.113933,0.965011,0.783729,0.576587,0.618887,0.624513,0.628959,0.613063,0.743724,0.836617,0.911862,0.855989,0.930966,0.885402,0.835888,0.813214,0.860908,0.816728,0.868707,0.888292,0.890272,0.818751,0.751522,0.625430,0.562120,0.461699,0.428338,0.339801,0.317682,0.295852,0.232810,0.222023,0.269501,0.263842,0.261822,0.315117,0.316598,0.373505,0.440070,0.561013,0.642592,0.775071,0.906527,1.029405,1.171540,1.349949,1.451344,1.588836,1.682121,1.823584,1.972888,2.066831,2.168566,2.194021,2.229497,2.224758,2.231123,2.247332,2.225052,2.210901,2.208621,2.167281,2.174992
0.673599,0.714730,0.751929,0.792049,0.834700,0.878651,0.934070,0.941878,1.013317,1.041081,1.076211,1.066769,1.112417,1.060136,1.066769,1.002352,0.945795,0.871397,0.805106,0.716921,0.706399,0.607280,0.563633,0.590706,0.637402,0.687211,0.895621,1.135768,1.377907,1.573405,1.675123,1.723240,1.716205,1.701675,1.761778,1.730940,1.747219,1.734740,1.784371,1.782241,1.666173,1.681345,1.584685,1.591173,1.454512,1.333114,1.232246,1.114093,1.198674,1.057592,1.113933,0.965011,0.783729,0.576587,0.618887,0.866471,0.857111,0.817418,0.921832,0.995360,0.911862,0.984474,1.050777,0.997593,1.047000,1.015832,0.956278,0.907204,0.954879,0.969545,0.966699,0.962323,0.887661,0.820438,0.748654,0.702727,0.602497,0.564814,0.482460,0.456437,0.443549,0.378001,0.373371,0.367972,0.418070,0.419218,0.472440,0.477608,0.544950,0.666381,0.748616,0.880892,1.064617,1.185610,1.323991,1.497361,1.640594,1.772761,1.862849,2.002260,2.061881,2.155035,2.168566,2.194021,2.186932,2.140309,2.105538,2.080696,2.058861,2.003489,2.000896,1.959321,1.966238
0.811805,0.899821,0.937560,0.980511,1.024463,1.070310,1.079793,1.138213,1.212481,1.244085,1.283336,1.279405,1.331934,1.287692,1.244297,1.187942,1.140931,1.077633,0.951849,0.873418,0.790575,0.697338,0.659959,0.691426,0.637402,0.802788,0.895621,1.135768,1.377907,1.573405,1.675123,1.723240,1.716205,1.701675,1.638553,1.606942,1.619332,1.604678,1.516262,1.513634,1.530084,1.400805,1.436621,1.279674,1.125356,0.985141,1.048403,0.921018,0.993819,0.846074,0.891747,0.730877,0.783729,0.576587,0.867787,0.866471,1.085262,1.021772,1.099941,1.154103,1.052441,1.112960,1.170588,1.109784,1.152556,1.117142,1.051648,1.088156,1.041051,0.969545,0.966699,0.962323,0.955730,0.950443,0.873009,0.823242,0.776656,0.677321,0.647239,0.563494,0.548919,0.533979,0.477241,0.472102,0.470153,0.523319,0.524388,0.581711,0.649830,0.771749,0.907653,1.039624,1.170010,1.341815,1.476442,1.644773,1.782531,1.864723,1.998396,2.046929,2.106378,2.155035,2.124708,2.107776,2.059236,2.013637,1.938090,1.872401,1.809574,1.796077,1.751626,1.709769,1.715733
0.996080,1.038640,1.076783,1.121857,1.166785,1.214054,1.274090,1.334549,1.411646,1.447089,1.490461,1.492040,1.496571,1.515248,1.481001,1.435395,1.336067,1.215124,1.098592,1.029914,0.874751,0.787395,0.756284,0.691426,0.745833,0.802788,1.021620,1.135768,1.377907,1.421206,1.527023,1.581551,1.584189,1.576253,1.515329,1.482945,1.363557,1.344555,1.248154,1.245028,1.121816,1.120265,0.992429,0.968174,0.796201,0.811154,0.680716,0.727944,0.788965,0.846074,0.669561,0.730877,0.537983,0.576587,0.618887,0.866471,1.085262,1.226126,1.278050,1.154103,1.193020,1.241445,1.170588,1.221975,1.152556,1.218451,1.147018,1.088156,1.127223,1.050798,0.966699,0.962323,0.955730,0.950443,0.873009,0.823242,0.776656,0.733574,0.647239,0.617022,0.601604,0.585971,0.581111,0.524167,0.574318,0.575369,0.628282,0.685814,0.754710,0.877117,1.013677,1.145446,1.328101,1.498020,1.628893,1.792185,1.877157,2.002667,2.043578,2.091598,2.106378,2.066831,2.036994,1.978407,1.888975,1.802516,1.728781,1.664106,1.601835,1.547182,1.502356,1.460217,1.423477
1.134286,1.223732,1.262413,1.310319,1.356547,1.405713,1.468387,1.530884,1.610810,1.650092,1.697586,1.704676,1.716088,1.685915,1.658529,1.559122,1.466157,1.352616,1.245336,1.108162,0.958928,0.877453,0.756284,0.792145,0.745833,0.802788,1.021620,1.135768,1.231406,1.421206,1.527023,1.439863,1.452174,1.325408,1.268880,1.234949,1.107782,1.084432,0.980045,0.842118,0.713549,0.699455,0.548237,0.500925,0.467045,0.289194,0.496873,0.341794,0.379257,0.634555,0.669561,0.496743,0.537983,0.576587,0.618887,0.866471,0.857111,1.021772,1.099941,1.154103,1.193020,1.241445,1.290399,1.221975,1.258112,1.218451,1.147018,1.178632,1.127223,1.050798,1.043126,0.962323,0.955730,0.885440,0.873009,0.823242,0.776656,0.677321,0.647239,0.617022,0.601604,0.585971,0.581111,0.576232,0.626401,0.627420,0.680230,0.789917,0.859589,0.982485,1.119701,1.304178,1.433494,1.602156,1.781345,1.890460,1.971782,2.048648,2.043578,2.046929,2.017384,1.978627,1.905422,1.805916,1.718715,1.591395,1.519472,1.455812,1.352549,1.298288,1.253087,1.169073,1.131222
1.272492,1.362551,1.448044,1.498781,1.546310,1.597371,1.662685,1.727219,1.760184,1.802345,1.852930,1.864152,1.880726,1.856583,1.776881,1.682849,1.596248,1.490107,1.392079,1.186410,1.043104,0.877453,0.852609,0.792145,0.745833,0.802788,0.895621,1.135768,1.231406,1.269007,1.378924,1.298174,1.320158,1.199986,1.022431,0.986954,0.852007,0.694248,0.577882,0.439208,0.305281,0.138375,0.104045,0.033676,-0.026688,-0.058779,-0.054656,0.148720,0.174403,0.423037,0.447375,0.496743,0.783729,0.823219,0.867787,0.866471,0.857111,0.817418,0.921832,0.995360,1.052441,1.112960,1.170588,1.221975,1.258112,1.218451,1.147018,1.088156,1.127223,1.050798,0.966699,0.962323,0.887661,0.885440,0.810831,0.762985,0.718603,0.677321,0.647239,0.617022,0.654289,0.637964,0.633046,0.628297,0.678484,0.731521,0.784125,0.894020,1.016909,1.140537,1.278737,1.409999,1.591584,1.758361,1.882979,1.988734,2.019094,2.048648,2.043578,2.002260,1.928391,1.846322,1.729993,1.633424,1.505888,1.380274,1.310163,1.205858,1.144810,1.049393,0.962272,0.919521,0.838966
1.456767,1.501370,1.587267,1.640127,1.688632,1.741116,1.808407,1.874470,1.909557,1.954598,1.956493,1.970470,1.935605,1.913472,1.895234,1.806575,1.726339,1.558852,1.465451,1.264658,1.127280,0.967511,0.852609,0.792145,0.854265,0.802788,0.895621,0.997533,1.084904,1.269007,1.230825,1.156486,1.056126,0.949142,0.775982,0.738959,0.596232,0.304063,0.175720,0.036298,-0.102986,-0.142166,-0.340147,-0.277824,-0.355844,-0.406753,-0.422342,-0.237430,-0.030451,0.000000,0.225189,0.496743,0.783729,0.823219,0.867787,0.866471,0.857111,0.817418,0.743724,0.836617,0.911862,0.984474,1.050777,1.109784,1.152556,1.117142,1.147018,1.088156,1.041051,0.969545,0.966699,0.890537,0.887661,0.820438,0.810831,0.762985,0.718603,0.677321,0.647239,0.670551,0.654289,0.637964,0.684981,0.680362,0.730566,0.783571,0.888019,0.998123,1.121789,1.245905,1.384761,1.568732,1.696978,1.862498,1.984613,2.037872,2.066407,2.002667,1.953214,1.868253,1.794901,1.669914,1.554563,1.417810,1.293062,1.169153,1.058992,0.997563,0.895523,0.800499,0.713002,0.628377,0.588461
1.594973,1.640189,1.726490,1.781473,1.830954,1.884860,1.905556,1.972638,2.009139,2.005349,2.008274,2.023629,1.990485,1.970361,1.895234,1.868438,1.791384,1.627598,1.538823,1.342906,1.211457,0.967511,0.852609,0.792145,0.854265,0.802788,0.895621,0.997533,1.084904,1.116809,1.082726,1.014797,0.924111,0.698297,0.529532,0.366966,0.212570,0.043940,-0.226443,-0.366612,-0.511254,-0.562976,-0.636275,-0.745073,-0.684999,-0.754726,-0.606185,-0.430504,-0.235305,0.000000,0.225189,0.496743,0.537983,0.823219,0.867787,0.866471,0.857111,0.817418,0.743724,0.677874,0.771283,0.727504,0.811154,0.885402,0.941444,1.015832,1.051648,0.997680,0.954879,0.969545,0.890272,0.818751,0.819591,0.755435,0.748654,0.702727,0.660550,0.677321,0.647239,0.670551,0.654289,0.689957,0.684981,0.732427,0.782649,0.887672,0.991914,1.102226,1.226669,1.403957,1.543797,1.727464,1.855068,1.966634,2.035430,2.037872,2.019094,1.956685,1.862849,1.734245,1.616914,1.493506,1.335277,1.202195,1.080236,0.958032,0.849682,0.747609,0.646236,0.551604,0.463732,0.378825,0.296205
1.733180,1.779007,1.819305,1.875704,1.925836,1.980689,2.002705,2.021722,2.009139,2.005349,2.008274,2.023629,1.990485,1.970361,1.895234,1.868438,1.791384,1.696343,1.538823,1.421154,1.211457,1.057568,0.948935,0.892865,0.854265,0.918364,0.895621,0.859298,0.938402,0.964610,0.934626,0.873108,0.660079,0.572875,0.406308,0.118971,-0.043205,-0.216183,-0.494551,-0.635218,-0.783432,-0.843516,-0.932403,-1.056573,-1.014155,-0.928713,-0.790029,-0.623579,-0.440160,-0.211518,0.003003,0.262610,0.537983,0.823219,0.867787,0.866471,0.857111,0.817418,0.743724,0.677874,0.630705,0.599019,0.691343,0.661019,0.730332,0.813214,0.860908,0.907204,0.868707,0.807039,0.813845,0.746965,0.683453,0.690433,0.624298,0.642470,0.602497,0.621067,0.647239,0.670551,0.654289,0.689957,0.736916,0.784492,0.886815,0.939723,1.043861,1.206329,1.383988,1.562009,1.702833,1.886196,1.960462,2.070771,2.086247,2.037872,1.971782,1.818742,1.682121,1.555569,1.394431,1.272996,1.159848,1.029704,0.909975,0.789136,0.640373,0.539315,0.438498,0.302710,0.214462,0.087680,0.003949
1.825317,1.871553,1.912120,1.969935,2.020717,2.028604,2.002705,2.021722,2.009139,2.005349,1.956493,1.970470,1.935605,1.913472,1.895234,1.806575,1.791384,1.696343,1.612194,1.421154,1.295633,1.147626,1.045260,0.993585,0.962697,0.918364,0.895621,0.859298,0.938402,0.812412,0.786527,0.731420,0.528063,0.322030,0.159859,-0.129025,-0.298980,-0.606368,-0.762660,-0.903825,-0.919522,-0.983786,-1.080467,-1.212323,-1.178733,-1.102699,-0.790029,-0.623579,-0.440160,-0.423037,0.003003,0.262610,0.537983,0.576587,0.867787,0.866471,0.857111,0.613063,0.565615,0.519132,0.490126,0.470534,0.451721,0.436636,0.519221,0.610595,0.670168,0.726253,0.696363,0.725786,0.660991,0.603392,0.615384,0.560428,0.562120,0.521956,0.544444,0.564814,0.592313,0.617022,0.654289,0.741949,0.788851,0.836557,0.938898,1.043824,1.199704,1.362484,1.541308,1.720061,1.914882,2.044928,2.118552,2.122839,2.086247,1.988734,1.829844,1.680798,1.501392,1.376893,1.216444,1.052487,0.940561,0.814090,0.697149,0.578015,0.431064,0.331020,0.189211,0.053815,-0.076353,-0.161872,-0.288306
1.963523,1.964099,2.004936,2.017051,2.020717,2.028604,2.002705,1.972638,1.909557,1.903847,1.904711,1.864152,1.880726,1.856583,1.836058,1.806575,1.726339,1.696343,1.612194,1.499402,1.379809,1.237683,1.141586,1.094304,1.071128,1.033941,0.895621,0.859298,0.938402,0.812412,0.638428,0.589731,0.396047,0.196608,-0.086590,-0.253022,-0.554755,-0.736430,-1.030768,-1.038128,-1.055611,-1.124056,-1.080467,-1.056573,-1.014155,-0.928713,-0.790029,-0.623579,-0.440160,-0.211518,0.003003,0.262610,0.537983,0.576587,0.618887,0.866471,0.628959,0.613063,0.387507,0.201646,0.068390,0.213563,0.212098,0.212254,0.308109,0.407976,0.479428,0.545301,0.524019,0.482027,0.508136,0.459820,0.411176,0.430422,0.437765,0.461699,0.486391,0.508561,0.592313,0.617022,0.706974,0.741949,0.840786,0.940686,1.043063,1.199975,1.355546,1.570690,1.751068,1.930797,2.073918,2.150750,2.171249,2.122839,1.984613,1.841322,1.640594,1.450893,1.320663,1.153548,0.993960,0.876079,0.721275,0.598475,0.484323,0.366894,0.263616,0.122725,-0.018528,-0.195080,-0.325623,-0.453016,-0.538811
2.009592,2.010372,2.004936,2.017051,1.973276,1.932774,1.905556,1.874470,1.809975,1.802345,1.749368,1.757835,1.716088,1.742804,1.717705,1.744712,1.726339,1.696343,1.612194,1.577650,1.463986,1.327741,1.237911,1.195024,1.179560,1.149517,1.021620,0.997533,0.938402,0.812412,0.638428,0.448042,0.264032,-0.054237,-0.333039,-0.501017,-0.810530,-0.996553,-1.164823,-1.038128,-1.055611,-0.983786,-0.932403,-0.745073,-0.684999,-0.406753,-0.422342,-0.237430,-0.030451,0.000000,0.225189,0.262610,0.537983,0.576587,0.618887,0.624513,0.628959,0.408709,0.031289,-0.274582,-0.353347,-0.171892,-0.027524,-0.012129,0.096997,0.104048,0.193318,0.273873,0.265503,0.319522,0.278855,0.316247,0.275037,0.300417,0.313409,0.341185,0.428338,0.508561,0.592313,0.670551,0.706974,0.845935,0.944657,1.096881,1.251394,1.460228,1.615283,1.830947,2.013267,2.088849,2.179942,2.203660,2.171249,2.018703,1.882979,1.644773,1.451344,1.266968,1.094752,0.930203,0.771477,0.655569,0.545846,0.425984,0.314062,0.155773,0.012445,-0.127229,-0.309363,-0.443974,-0.616438,-0.702568,-0.789316
1.963523,1.964099,1.912120,1.875704,1.878395,1.836945,1.808407,1.727219,1.660601,1.650092,1.594024,1.598358,1.606330,1.572137,1.599353,1.620985,1.661293,1.696343,1.685566,1.655898,1.632338,1.507856,1.430562,1.396463,1.396423,1.265094,1.147620,1.135768,0.938402,0.812412,0.638428,0.306354,0.000000,-0.179659,-0.456264,-0.749013,-0.938417,-1.126614,-1.164823,-1.038128,-0.783432,-0.562976,-0.340147,-0.122074,-0.026688,0.289194,0.313030,0.534869,0.584111,0.634555,0.669561,0.730877,0.537983,0.576587,0.618887,0.624513,0.400807,0.204354,-0.146819,-0.433325,-0.493925,-0.428863,-0.386958,-0.348703,-0.219670,-0.098571,-0.092792,0.002445,0.006987,0.075763,0.126001,0.100889,0.138898,0.170412,0.251232,0.280928,0.370285,0.508561,0.592313,0.724079,0.865028,1.001913,1.152397,1.357206,1.511808,1.720480,1.926967,2.091205,2.170587,2.246901,2.232954,2.150750,2.065855,1.862498,1.679711,1.448223,1.214781,1.037062,0.868841,0.706857,0.548993,0.435060,0.326559,0.210370,0.101236,-0.055348,-0.238726,-0.377182,-0.558649,-0.734351,-0.824163,-0.910528,-0.956320
1.917454,1.871553,1.819305,1.781473,1.736073,1.645286,1.614110,1.579967,1.511228,1.497840,1.438680,1.438881,1.441692,1.458359,1.481001,1.559122,1.596248,1.627598,1.685566,1.734146,1.716515,1.687971,1.719538,1.597902,1.613286,1.496247,1.399620,1.274003,1.084904,0.812412,0.490329,0.164665,-0.132016,-0.430504,-0.702713,-0.873010,-1.066305,-1.126614,-1.030768,-0.769521,-0.375165,-0.001896,0.252109,0.500925,0.796201,1.159128,1.232246,1.307168,1.403528,1.269110,1.336119,1.199145,1.029474,0.823219,0.618887,0.382555,0.172655,0.000000,-0.324928,-0.433325,-0.493925,-0.557348,-0.506769,-0.573085,-0.430782,-0.402500,-0.378902,-0.268982,-0.165357,-0.167996,-0.103280,0.029103,0.070829,0.105410,0.189054,0.280928,0.428338,0.564814,0.702165,0.884664,1.075768,1.261876,1.464007,1.669595,1.876388,2.032783,2.186704,2.247360,2.275467,2.246901,2.126930,1.992017,1.855068,1.654225,1.425625,1.202537,0.978218,0.761175,0.642930,0.483512,0.371006,0.258652,0.151130,-0.005245,-0.154155,-0.308693,-0.489897,-0.668795,-0.849484,-0.941763,-0.990343,-1.035304,-1.039821
1.779248,1.732734,1.680082,1.593012,1.546310,1.501542,1.419813,1.383632,1.361855,1.294836,1.283336,1.279405,1.222175,1.287692,1.303473,1.373532,1.466157,1.558852,1.685566,1.734146,1.800691,1.868087,1.815863,1.799341,1.721718,1.727400,1.525620,1.412238,1.084904,0.812412,0.342229,0.022977,-0.264032,-0.555926,-0.825937,-0.997008,-1.066305,-0.996553,-0.762660,-0.366612,0.169192,0.559185,0.844365,1.279674,1.454512,1.855074,2.151461,2.079466,2.222944,2.115184,2.002678,1.901546,1.520965,1.316484,0.867787,0.624513,0.172655,-0.204354,-0.503036,-0.592068,-0.634504,-0.685833,-0.746392,-0.685277,-0.641894,-0.605118,-0.569642,-0.449934,-0.337701,-0.249249,-0.179707,-0.114470,0.002760,0.105410,0.251232,0.401442,0.544444,0.733574,0.976797,1.152305,1.391877,1.625824,1.827552,2.034050,2.188884,2.293036,2.342546,2.299411,2.223027,2.088849,1.967894,1.780375,1.591584,1.393883,1.120723,0.907713,0.741656,0.531269,0.417019,0.304836,0.193019,0.082244,-0.068157,-0.220859,-0.409546,-0.604262,-0.782930,-0.918749,-1.015675,-1.066211,-1.114978,-1.118488,-1.123323
1.641042,1.593916,1.494452,1.451665,1.356547,1.309883,1.225516,1.187297,1.162690,1.142583,1.076211,1.066769,1.057538,1.117025,1.125945,1.249806,1.336067,1.490107,1.612194,1.734146,1.800691,1.868087,1.912188,1.900060,1.830149,1.842976,1.651620,1.412238,1.084904,0.660213,0.342229,-0.118712,-0.528063,-0.806770,-0.949162,-1.121006,-1.066305,-0.736430,-0.360497,0.170601,0.577460,0.839725,1.140493,1.435424,1.619090,2.029061,2.335305,2.465615,2.632653,2.749739,2.669236,2.603948,2.258202,1.809749,1.365588,0.866471,0.172655,-0.204354,-0.503036,-0.750810,-0.775083,-0.814318,-0.866203,-0.909659,-0.853005,-0.807737,-0.760383,-0.630886,-0.510045,-0.330502,-0.256134,-0.114470,0.070829,0.235415,0.437765,0.642470,0.834709,1.071094,1.306354,1.580532,1.760670,1.989773,2.139163,2.294374,2.345132,2.345086,2.290599,2.195308,2.065707,1.878113,1.755846,1.568732,1.328101,1.081473,0.866637,0.662026,0.505093,0.347344,0.236291,0.126160,0.015033,-0.138266,-0.287443,-0.479596,-0.664938,-0.857607,-1.034101,-1.085385,-1.140318,-1.149175,-1.156522,-1.160080,-1.165074
1.502836,1.408824,1.355229,1.263203,1.166785,1.118225,1.079793,0.990962,0.963526,0.939579,0.920867,0.907293,0.892900,0.946357,1.007593,1.064216,1.205976,1.352616,1.465451,1.655898,1.800691,1.868087,1.912188,1.900060,1.830149,1.842976,1.651620,1.412238,0.938402,0.508014,0.046031,-0.260401,-0.660079,-0.932193,-1.072386,-1.121006,-0.938417,-0.476307,-0.092389,0.304905,0.577460,0.839725,0.992429,1.123924,1.454512,1.681088,1.967618,2.272541,2.427799,2.538221,2.669236,2.603948,2.503947,2.303013,1.863388,1.108429,0.400807,-0.204354,-0.503036,-0.750810,-0.915662,-0.942804,-0.986014,-1.021850,-0.958561,-0.909047,-0.760383,-0.630886,-0.510045,-0.330502,-0.179707,0.029103,0.275037,0.495425,0.748654,1.004013,1.241081,1.521121,1.745764,1.955230,2.129464,2.249736,2.346903,2.346439,2.293050,2.240985,2.134756,1.987102,1.803508,1.667377,1.490785,1.304178,1.064617,0.821131,0.612552,0.416339,0.268531,0.163420,0.055562,-0.052516,-0.207451,-0.358775,-0.550587,-0.738333,-0.962894,-1.110952,-1.201548,-1.210362,-1.181866,-1.190658,-1.198067,-1.201672,-1.206825
1.318561,1.223732,1.169598,1.074742,1.024463,0.926566,0.885496,0.843711,0.814152,0.787326,0.765523,0.747816,0.728262,0.775690,0.889240,0.940489,1.075885,1.215124,1.318707,1.499402,1.632338,1.778029,1.815863,1.799341,1.721718,1.727400,1.525620,1.274003,0.938402,0.355816,-0.102068,-0.543778,-0.792095,-1.057615,-1.072386,-0.997008,-0.682643,-0.346245,0.041666,0.304905,0.441370,0.559185,0.696301,0.812425,0.960778,1.159128,1.416089,1.693317,1.813236,2.115184,2.224864,2.369814,2.503947,2.303013,1.863388,1.350387,0.628959,0.000000,-0.503036,-0.750810,-0.915662,-1.071289,-1.105825,-1.021850,-0.958561,-0.909047,-0.760383,-0.630886,-0.423873,-0.167996,0.049574,0.388034,0.615384,0.885440,1.183898,1.425812,1.705506,1.914894,2.075322,2.222872,2.287519,2.301729,2.294968,2.242309,2.136801,2.032783,1.875020,1.726844,1.593748,1.403957,1.225725,0.986714,0.801133,0.560790,0.358466,0.219790,0.079280,-0.020505,-0.125167,-0.231192,-0.385438,-0.579285,-0.813731,-0.997071,-1.175720,-1.237625,-1.243410,-1.252020,-1.223414,-1.190658,-1.198067,-1.201672,-1.206825
1.180355,1.084913,0.983968,0.886280,0.834700,0.782822,0.739773,0.696459,0.664779,0.635073,0.610179,0.588339,0.618504,0.661912,0.770888,0.878626,0.945795,1.077633,1.171964,1.342906,1.463986,1.597914,1.623212,1.597902,1.613286,1.496247,1.399620,1.135768,0.645399,0.203617,-0.250168,-0.685467,-0.924111,-1.057615,-1.195611,-0.997008,-0.682643,-0.346245,-0.092389,0.036298,0.033103,0.138375,0.104045,0.189425,0.302467,0.463181,0.680716,0.921018,1.198674,1.480629,1.780492,1.901546,2.012456,2.056381,1.863388,1.350387,0.857111,0.000000,-0.503036,-0.750810,-0.915662,-1.071289,-1.105825,-1.021850,-0.958561,-0.807737,-0.665013,-0.359458,-0.165357,0.157016,0.508136,0.746965,1.091869,1.340459,1.619142,1.847611,2.053824,2.196161,2.240101,2.276400,2.234834,2.197744,2.139163,2.034050,1.928470,1.772531,1.615283,1.466587,1.331549,1.140537,0.960665,0.722160,0.537649,0.352517,0.155198,-0.025897,-0.109970,-0.204430,-0.305896,-0.454538,-0.607921,-0.843897,-1.033017,-1.212685,-1.303416,-1.322073,-1.285272,-1.252020,-1.223414,-1.232140,-1.198067,-1.201672,-1.206825
0.996080,0.899821,0.798337,0.744933,0.692378,0.591163,0.545476,0.500124,0.465614,0.432069,0.454836,0.482022,0.508745,0.548134,0.652536,0.754899,0.815704,0.940142,1.025221,1.108162,1.211457,1.327741,1.430562,1.396463,1.396423,1.265094,1.147620,0.859298,0.498897,0.051418,-0.398267,-0.827155,-1.056126,-1.183037,-1.195611,-0.997008,-0.682643,-0.606368,-0.360497,-0.366612,-0.239076,-0.282436,-0.340147,-0.277824,-0.355844,-0.232766,-0.054656,0.148720,0.379257,0.846074,1.113933,1.433279,1.520965,1.563116,1.614488,1.350387,0.857111,0.204354,-0.324928,-0.750810,-0.915662,-0.942804,-0.986014,-0.909659,-0.747450,-0.605118,-0.378902,-0.088031,0.265503,0.563280,0.890272,1.177682,1.500285,1.730474,1.930031,2.148897,2.227983,2.252414,2.240101,2.169343,2.129464,2.041766,1.931423,1.825790,1.668056,1.512278,1.355546,1.206329,1.069349,0.877117,0.695604,0.510517,0.326862,0.144243,-0.048070,-0.173309,-0.299220,-0.388355,-0.486624,-0.677883,-0.874901,-1.064406,-1.252304,-1.342053,-1.345981,-1.322073,-1.327134,-1.293679,-1.264961,-1.273623,-1.239612,-1.243264,-1.206825
0.811805,0.761002,0.659114,0.603587,0.502615,0.447419,0.399753,0.352873,0.316241,0.330567,0.351273,0.375704,0.398987,0.434356,0.534184,0.631173,0.685613,0.802651,0.878477,0.951666,1.043104,1.147626,1.141586,1.195024,1.071128,1.033941,0.895621,0.582828,0.352396,-0.100780,-0.546366,-0.968844,-1.056126,-1.183037,-1.195611,-0.997008,-0.938417,-0.736430,-0.762660,-0.635218,-0.511254,-0.562976,-0.636275,-0.745073,-0.684999,-0.580739,-0.606185,-0.430504,-0.030451,0.211518,0.447375,0.730877,1.029474,1.316484,1.365588,1.350387,1.085262,0.408709,-0.146819,-0.433325,-0.775083,-0.814318,-0.746392,-0.685277,-0.536338,-0.301190,0.002578,0.273873,0.610191,0.969545,1.272407,1.608399,1.840631,2.055487,2.178742,2.209154,2.169930,2.139907,2.075322,2.008758,1.918725,1.833795,1.723682,1.565465,1.459725,1.304076,1.147756,0.998123,0.859589,0.666381,0.483556,0.298874,0.116075,-0.011962,-0.200521,-0.369858,-0.488470,-0.572279,-0.712535,-0.856559,-1.052888,-1.240814,-1.340018,-1.385176,-1.345981,-1.364297,-1.327134,-1.335338,-1.306509,-1.315105,-1.281157,-1.243264,-1.248575
0.673599,0.575911,0.519891,0.462241,0.407734,0.351590,0.302605,0.254705,0.216659,0.229065,0.247710,0.269386,0.289228,0.377467,0.415832,0.507446,0.555522,0.665160,0.731734,0.795170,0.874751,0.877453,0.948935,0.993585,0.962697,0.802788,0.643621,0.444594,0.059393,-0.252979,-0.694465,-0.968844,-1.188142,-1.308460,-1.318836,-1.121006,-1.066305,-0.996553,-0.896714,-0.769521,-0.647343,-0.703246,-0.784339,-0.900823,-0.849577,-0.754726,-0.606185,-0.623579,-0.440160,-0.211518,0.003003,0.496743,0.783729,1.069851,1.116687,1.350387,1.085262,0.817418,0.209398,-0.115839,-0.353347,-0.557348,-0.506769,-0.348703,-0.219670,0.002738,0.384058,0.726253,1.041051,1.375810,1.654542,1.895544,2.112909,2.185492,2.178742,2.148897,2.053824,1.971147,1.910543,1.794645,1.707986,1.573832,1.464007,1.357206,1.199311,1.043824,0.939967,0.789917,0.649830,0.508329,0.324520,0.140142,-0.042015,-0.168167,-0.352973,-0.517270,-0.677720,-0.756204,-0.893264,-1.079904,-1.230875,-1.373120,-1.383876,-1.385176,-1.388547,-1.364297,-1.368996,-1.376997,-1.348057,-1.315105,-1.322702,-1.284856,-1.248575
0.489324,0.437092,0.380668,0.320894,0.265411,0.255761,0.205456,0.156538,0.166868,0.178314,0.195929,0.216227,0.289228,0.320578,0.356656,0.383720,0.490477,0.527669,0.584991,0.638673,0.706399,0.697338,0.756284,0.792145,0.745833,0.687211,0.517621,0.306359,-0.087109,-0.405177,-0.694465,-1.110533,-1.320158,-1.308460,-1.318836,-1.245003,-1.194192,-1.126614,-1.030768,-0.903825,-0.783432,-0.703246,-0.784339,-0.900823,-0.849577,-0.754726,-0.606185,-0.430504,-0.440160,-0.211518,0.003003,0.262610,0.537983,0.823219,1.116687,1.350387,1.313414,1.226126,0.743724,0.360389,0.068390,-0.043407,-0.027524,-0.012129,0.202553,0.509285,0.765538,1.178632,1.471910,1.782074,1.960250,2.110903,2.112909,2.120489,2.054386,1.968126,1.879665,1.802387,1.690838,1.580532,1.497246,1.365861,1.256267,1.148946,0.990980,0.887672,0.732177,0.633762,0.492510,0.350277,0.165484,-0.018590,-0.147408,-0.324372,-0.505424,-0.664682,-0.772345,-0.940129,-1.073993,-1.213911,-1.319868,-1.373120,-1.383876,-1.385176,-1.388547,-1.364297,-1.368996,-1.335338,-1.348057,-1.315105,-1.281157,-1.243264,-1.248575
0.351118,0.298273,0.287853,0.226664,0.170530,0.159931,0.108308,0.107454,0.117076,0.127563,0.144148,0.216227,0.234349,0.263689,0.297480,0.321856,0.360386,0.390178,0.438247,0.482177,0.538046,0.607280,0.659959,0.691426,0.637402,0.571635,0.391621,0.168124,-0.087109,-0.405177,-0.694465,-1.110533,-1.320158,-1.308460,-1.318836,-1.245003,-1.194192,-1.126614,-1.030768,-0.769521,-0.647343,-0.703246,-0.784339,-0.745073,-0.684999,-0.580739,-0.606185,-0.430504,-0.235305,-0.211518,0.003003,0.028476,0.292238,0.576587,0.867787,1.350387,1.541566,1.634835,1.278050,0.836617,0.630705,0.470534,0.451721,0.548828,0.730332,1.015832,1.242388,1.540536,1.816598,2.025833,2.113104,2.110903,2.044839,1.990484,1.867853,1.787354,1.705506,1.577374,1.471133,1.366419,1.286507,1.209883,1.100462,0.940686,0.834732,0.731521,0.628282,0.477608,0.387630,0.244909,0.059459,-0.124412,-0.305499,-0.480577,-0.607058,-0.762957,-0.914283,-1.078072,-1.209539,-1.303250,-1.364365,-1.373120,-1.383876,-1.342053,-1.345981,-1.322073,-1.285272,-1.252020,-1.264961,-1.232140,-1.198067,-1.160080,-1.165074
0.212912,0.159454,0.148630,0.132433,0.075649,0.064102,0.059733,0.058370,0.067285,0.076812,0.092367,0.109910,0.179470,0.149910,0.179128,0.198130,0.230296,0.252686,0.291504,0.325681,0.453870,0.517223,0.563633,0.489987,0.420539,0.340482,0.265621,0.029889,-0.233611,-0.405177,-0.842565,-1.110533,-1.188142,-1.308460,-1.195611,-1.121006,-1.066305,-0.996553,-0.896714,-0.635218,-0.511254,-0.562976,-0.488211,-0.433574,-0.520422,-0.406753,-0.422342,-0.430504,-0.235305,-0.211518,0.003003,0.028476,0.292238,0.576587,0.867787,1.350387,1.541566,1.839190,1.812375,1.471588,1.333599,1.112960,1.170588,1.221975,1.258112,1.522379,1.719238,1.902439,2.075114,2.107086,2.113104,2.039117,1.908701,1.795477,1.681320,1.546326,1.473293,1.352361,1.306354,1.205834,1.128452,1.053905,0.944657,0.836557,0.730566,0.627420,0.524388,0.373505,0.282750,0.086857,-0.046565,-0.230233,-0.410892,-0.584713,-0.708692,-0.861231,-1.008908,-1.170035,-1.299904,-1.347919,-1.364365,-1.373120,-1.340018,-1.298931,-1.260851,-1.237625,-1.201548,-1.168703,-1.098770,-1.066211,-1.031888,-1.035304,-0.998070
0.028637,0.020635,0.009407,-0.008914,-0.019233,-0.031727,-0.037415,-0.039798,-0.032297,-0.024690,0.040585,0.056751,0.069711,0.093021,0.060775,0.074403,0.100205,0.115195,0.144760,0.169185,0.285517,0.337107,0.370983,0.389267,0.312107,0.224906,0.139621,-0.108346,-0.233611,-0.557376,-0.694465,-0.968844,-1.056126,-1.057615,-0.949162,-0.873010,-0.810530,-0.736430,-0.628606,-0.500915,-0.375165,-0.282436,-0.192083,-0.122074,-0.026688,-0.058779,-0.054656,-0.044355,-0.235305,-0.211518,0.003003,0.028476,0.292238,0.576587,0.867787,1.108429,1.541566,1.839190,1.990484,1.947816,1.895914,1.755386,1.769644,1.782932,1.891447,1.927617,2.100718,2.173867,2.161286,2.188339,2.036677,1.895544,1.772562,1.600469,1.494786,1.365555,1.241081,1.183601,1.141575,1.098777,1.023083,0.897927,0.788851,0.680362,0.574318,0.523319,0.420493,0.269402,0.125431,-0.018511,-0.205601,-0.336055,-0.516286,-0.688850,-0.810326,-0.959506,-1.103533,-1.216016,-1.299904,-1.347919,-1.364365,-1.329018,-1.252304,-1.212685,-1.133155,-1.110952,-1.075963,-1.002067,-0.932579,-0.900281,-0.865708,-0.827344,-0.789316
-0.109569,-0.118184,-0.129816,-0.103145,-0.114114,-0.127557,-0.134564,-0.137965,-0.131879,-0.126192,-0.062977,-0.049567,-0.040047,-0.077646,-0.057577,-0.049323,-0.094931,-0.091041,-0.075355,0.012689,0.032988,0.156992,0.178332,0.187828,0.095244,-0.006247,-0.112378,-0.246581,-0.233611,-0.405177,-0.694465,-0.827155,-0.924111,-0.806770,-0.702713,-0.625015,-0.554755,-0.476307,-0.360497,-0.232308,-0.102986,0.138375,0.252109,0.189425,0.302467,0.289194,0.313030,0.148720,-0.030451,0.000000,0.003003,0.028476,0.046492,0.329954,0.618887,1.108429,1.541566,1.839190,2.168593,2.265302,2.177071,2.269326,2.248889,2.231697,2.313670,2.231545,2.291458,2.264343,2.161286,2.025833,1.883823,1.680186,1.568354,1.405461,1.246076,1.184784,1.124975,1.071094,1.031723,0.938192,0.865028,0.741949,0.633046,0.524167,0.470153,0.367167,0.264651,0.165299,0.020551,-0.123879,-0.258613,-0.441876,-0.621679,-0.740918,-0.911961,-1.008643,-1.150845,-1.261997,-1.299904,-1.347919,-1.319868,-1.240814,-1.164589,-1.083316,-1.048025,-0.984280,-0.950377,-0.877090,-0.807936,-0.734351,-0.657983,-0.577792,-0.538811
-0.247775,-0.257002,-0.222631,-0.244491,-0.208995,-0.223386,-0.231712,-0.236133,-0.231461,-0.227694,-0.218321,-0.209044,-0.204685,-0.191424,-0.235105,-0.234913,-0.290067,-0.297278,-0.222098,-0.222055,-0.135365,-0.113180,-0.014319,-0.013611,-0.013188,-0.121824,-0.238378,-0.246581,-0.233611,-0.405177,-0.546366,-0.685467,-0.528063,-0.430504,-0.333039,-0.253022,-0.171093,-0.086122,0.041666,0.170601,0.305281,0.418915,0.548237,0.500925,0.631623,0.463181,0.496873,0.341794,0.174403,0.000000,0.003003,0.028476,0.046492,0.329954,0.618887,0.866471,1.313414,1.634835,1.990484,2.265302,2.317650,2.397812,2.368700,2.456080,2.419226,2.332855,2.291458,2.173867,1.988942,1.782074,1.654542,1.464827,1.296077,1.145451,1.059542,1.004013,1.008869,0.958587,0.866944,0.831136,0.706974,0.585971,0.477241,0.367972,0.313904,0.211016,0.108809,0.009144,-0.084329,-0.229247,-0.364637,-0.547698,-0.674376,-0.845055,-0.962778,-1.057781,-1.198158,-1.261997,-1.299904,-1.303250,-1.230875,-1.152610,-1.076874,-0.997071,-0.920329,-0.857607,-0.782930,-0.710454,-0.600197,-0.443974,-0.325623,-0.245056,-0.163054
-0.339912,-0.349548,-0.361854,-0.338722,-0.351318,-0.319215,-0.328861,-0.334300,-0.331044,-0.329195,-0.321884,-0.315361,-0.314443,-0.362091,-0.353457,-0.420503,-0.485203,-0.503515,-0.442213,-0.456800,-0.387894,-0.293296,-0.303295,-0.215050,-0.230051,-0.237400,-0.238378,-0.246581,-0.233611,-0.252979,-0.398267,-0.402089,-0.264032,-0.054237,0.036634,0.118971,0.212570,0.304063,0.443828,0.439208,0.577460,0.559185,0.696301,0.656675,0.796201,0.637167,0.496873,0.341794,0.174403,0.000000,0.003003,-0.205658,0.046492,0.083322,0.369987,0.624513,1.085262,1.430481,1.812375,1.947816,2.177071,2.269326,2.248889,2.343888,2.313670,2.130236,2.005348,1.902439,1.730426,1.538315,1.348834,1.249468,1.091869,0.950443,0.935187,0.883499,0.892762,0.789827,0.757092,0.617022,0.496234,0.378001,0.269501,0.211778,0.105573,0.054864,-0.047033,-0.094959,-0.241649,-0.334615,-0.470661,-0.600608,-0.779770,-0.897123,-1.013595,-1.106918,-1.198158,-1.261997,-1.254722,-1.213911,-1.141882,-1.020304,-0.945303,-0.867702,-0.792633,-0.730935,-0.615482,-0.460500,-0.267815,-0.070632,0.089827,0.212457,0.296205
-0.478118,-0.442094,-0.408262,-0.432953,-0.398758,-0.415045,-0.426010,-0.432468,-0.430626,-0.430697,-0.425446,-0.421679,-0.424202,-0.475869,-0.530985,-0.606093,-0.615294,-0.641006,-0.662328,-0.613296,-0.556246,-0.473411,-0.495945,-0.416489,-0.338482,-0.352977,-0.238378,-0.246581,-0.233611,-0.100780,-0.102068,0.022977,0.132016,0.322030,0.406308,0.490964,0.596232,0.694248,0.711937,0.707814,0.713549,0.839725,0.844365,0.812425,0.796201,0.811154,0.680716,0.534869,0.174403,0.000000,-0.219184,-0.205658,-0.199253,-0.163311,0.121087,0.382555,0.857111,1.226126,1.456158,1.630331,1.895914,2.012356,2.009267,2.007314,1.891447,1.826308,1.719238,1.631012,1.385738,1.213304,1.119553,0.962323,0.887661,0.820438,0.810831,0.762985,0.718603,0.677321,0.537387,0.402909,0.285495,0.170030,0.061761,0.003518,-0.050675,-0.101287,-0.150928,-0.251113,-0.346529,-0.439983,-0.576685,-0.706430,-0.832466,-0.949191,-1.064412,-1.106918,-1.198158,-1.216016,-1.209539,-1.124573,-1.052888,-0.932100,-0.813731,-0.738333,-0.622373,-0.519814,-0.322449,-0.085570,0.147663,0.344192,0.463732,0.545193,0.588461
-0.524187,-0.488367,-0.501077,-0.480068,-0.493640,-0.510874,-0.474584,-0.481552,-0.480417,-0.481448,-0.477227,-0.527997,-0.533960,-0.589648,-0.649337,-0.667956,-0.745385,-0.709752,-0.735700,-0.691544,-0.640423,-0.653526,-0.592271,-0.517208,-0.446914,-0.352977,-0.364378,-0.246581,-0.233611,-0.100780,0.046031,0.306354,0.396047,0.572875,0.775982,0.862957,0.852007,0.824309,0.845991,0.842118,0.849638,0.839725,0.992429,0.968174,0.960778,0.811154,0.680716,0.534869,0.379257,0.000000,-0.219184,-0.439792,-0.444999,-0.409943,-0.127814,0.140597,0.628959,0.817418,1.099941,1.312845,1.474177,1.498415,1.530022,1.558549,1.469223,1.522379,1.433128,1.269108,1.127223,0.969545,0.813845,0.746965,0.683453,0.690433,0.686476,0.642470,0.544444,0.452307,0.317682,0.188796,0.074756,0.014052,-0.094045,-0.152677,-0.206923,-0.257439,-0.306770,-0.355216,-0.451408,-0.545351,-0.629697,-0.759340,-0.885163,-0.949191,-1.064412,-1.106918,-1.198158,-1.216016,-1.164357,-1.035235,-0.919398,-0.799795,-0.682159,-0.565842,-0.409546,-0.182020,0.096169,0.331020,0.480045,0.593087,0.629912,0.628377,0.671963
-0.570256,-0.534640,-0.547485,-0.527184,-0.541080,-0.510874,-0.523158,-0.530636,-0.530208,-0.532199,-0.580790,-0.581156,-0.588839,-0.646537,-0.708513,-0.729820,-0.745385,-0.709752,-0.735700,-0.691544,-0.640423,-0.653526,-0.592271,-0.517208,-0.555345,-0.468553,-0.364378,-0.246581,-0.233611,-0.100780,0.194130,0.448042,0.660079,0.823719,0.899206,0.986954,0.979894,0.954371,0.980045,0.976421,0.985727,0.979995,0.992429,0.968174,0.960778,0.811154,0.864560,0.727944,0.379257,0.211518,-0.219184,-0.439792,-0.444999,-0.409943,-0.376714,-0.101361,0.172655,0.613063,0.743724,0.995360,1.052441,1.112960,1.170588,1.221975,1.152556,1.117142,1.051648,0.907204,0.782535,0.644533,0.584564,0.603392,0.547314,0.560428,0.562120,0.461699,0.370285,0.227294,0.097977,-0.025317,-0.083299,-0.141926,-0.197915,-0.256807,-0.311089,-0.361540,-0.410665,-0.459319,-0.556288,-0.598035,-0.682709,-0.759340,-0.885163,-0.949191,-1.064412,-1.106918,-1.150845,-1.170035,-1.073993,-0.945897,-0.830405,-0.711591,-0.550587,-0.350228,-0.069025,0.197997,0.431064,0.539315,0.563141,0.593087,0.588367,0.628377,0.630212
-0.570256,-0.534640,-0.547485,-0.527184,-0.493640,-0.510874,-0.523158,-0.530636,-0.530208,-0.532199,-0.580790,-0.581156,-0.643719,-0.646537,-0.649337,-0.667956,-0.680339,-0.641006,-0.588957,-0.535048,-0.556246,-0.563468,-0.592271,-0.517208,-0.555345,-0.468553,-0.364378,-0.384816,-0.233611,-0.100780,0.194130,0.448042,0.660079,0.823719,0.899206,0.986954,0.979894,0.954371,0.980045,0.976421,0.985727,0.979995,0.992429,1.123924,0.960778,0.985141,0.864560,0.727944,0.584111,0.211518,0.003003,-0.205658,-0.444999,-0.409943,-0.376714,-0.343319,-0.055496,0.204354,0.565615,0.677874,0.771283,0.855989,0.811154,0.885402,0.941444,0.914523,0.765538,0.635777,0.524019,0.482027,0.431709,0.388034,0.411176,0.430422,0.375587,0.280928,0.138072,0.002281,-0.121728,-0.185902,-0.241354,-0.297904,-0.353720,-0.360937,-0.415255,-0.413590,-0.462612,-0.563423,-0.608728,-0.650719,-0.735721,-0.812251,-0.885163,-0.949191,-1.013595,-1.057781,-1.103533,-1.078072,-0.983628,-0.901228,-0.741411,-0.579285,-0.331300,-0.048368,0.228932,0.451342,0.514788,0.539315,0.521593,0.510122,0.505277,0.503601,0.504959
-0.570256,-0.534640,-0.501077,-0.480068,-0.446199,-0.415045,-0.426010,-0.432468,-0.480417,-0.532199,-0.529009,-0.581156,-0.588839,-0.589648,-0.590161,-0.544230,-0.550249,-0.503515,-0.442213,-0.378551,-0.387894,-0.383353,-0.399620,-0.416489,-0.446914,-0.468553,-0.364378,-0.384816,-0.233611,-0.100780,0.194130,0.306354,0.528063,0.698297,0.899206,0.986954,0.979894,1.084432,1.114099,0.976421,0.985727,0.979995,0.992429,0.968174,0.960778,0.811154,0.680716,0.727944,0.584111,0.423037,0.225189,0.028476,0.046492,0.083322,0.121087,0.140597,0.172655,0.408709,0.387507,0.519132,0.630705,0.727504,0.691343,0.661019,0.624777,0.610595,0.574798,0.454825,0.351675,0.319522,0.278855,0.244461,0.275037,0.235415,0.126876,0.039900,-0.094140,-0.222733,-0.231581,-0.292959,-0.346723,-0.401889,-0.405655,-0.465066,-0.467337,-0.517691,-0.566507,-0.615474,-0.661168,-0.703403,-0.735721,-0.812251,-0.885163,-0.897123,-0.962778,-1.008643,-1.056220,-0.986110,-0.893264,-0.767221,-0.607921,-0.358775,-0.068157,0.210370,0.399193,0.451342,0.472926,0.455997,0.396950,0.385674,0.339097,0.337233,0.337956
-0.524187,-0.442094,-0.408262,-0.385837,-0.351318,-0.367130,-0.328861,-0.383384,-0.380835,-0.430697,-0.477227,-0.527997,-0.533960,-0.532758,-0.471809,-0.420503,-0.355112,-0.297278,-0.222098,-0.143807,-0.135365,-0.203238,-0.206969,-0.315769,-0.338482,-0.352977,-0.364378,-0.246581,-0.233611,-0.100780,0.046031,0.306354,0.528063,0.698297,0.775982,0.862957,0.979894,1.084432,1.114099,0.976421,0.849638,0.839725,0.844365,0.968174,0.960778,0.811154,0.680716,0.534869,0.584111,0.423037,0.447375,0.496743,0.537983,0.823219,0.867787,0.866471,1.085262,1.021772,0.921832,0.995360,0.911862,0.855989,0.811154,0.661019,0.624777,0.509285,0.479428,0.273873,0.179331,0.157016,0.126001,0.100889,0.070829,0.040407,-0.059657,-0.140871,-0.268299,-0.335239,-0.341433,-0.346487,-0.399408,-0.453882,-0.509525,-0.517131,-0.519420,-0.569742,-0.566507,-0.615474,-0.661168,-0.703403,-0.735721,-0.812251,-0.832466,-0.845055,-0.911961,-0.910369,-0.914283,-0.848166,-0.757718,-0.588545,-0.385438,-0.138266,0.151130,0.339738,0.399193,0.409118,0.389202,0.331020,0.313854,0.261227,0.256007,0.254049,0.254454
-0.385981,-0.349548,-0.315447,-0.291606,-0.256436,-0.271301,-0.280287,-0.285217,-0.281253,-0.278445,-0.321884,-0.368520,-0.369322,-0.362091,-0.353457,-0.296777,-0.225022,-0.159787,-0.075355,0.012689,0.032988,-0.023123,-0.014319,-0.114330,-0.121619,-0.237400,-0.238378,-0.246581,-0.087109,0.051418,0.194130,0.306354,0.528063,0.698297,0.775982,0.986954,1.107782,1.084432,0.980045,0.842118,0.713549,0.559185,0.548237,0.656675,0.796201,0.811154,0.680716,0.534869,0.379257,0.423037,0.669561,0.730877,0.783729,1.069851,1.116687,1.350387,1.541566,1.634835,1.634267,1.471588,1.333599,1.241445,1.050777,0.885402,0.730332,0.509285,0.384058,0.183397,0.006987,-0.005490,-0.026853,-0.042684,-0.133379,-0.154601,-0.246190,-0.321642,-0.384406,-0.391493,-0.396360,-0.453544,-0.504778,-0.557867,-0.561460,-0.569196,-0.571503,-0.621792,-0.618455,-0.667526,-0.661168,-0.703403,-0.735721,-0.759340,-0.779770,-0.792986,-0.810326,-0.812094,-0.772345,-0.664242,-0.531807,-0.365200,-0.118457,0.082244,0.238844,0.296615,0.356628,0.324670,0.305478,0.247702,0.230759,0.219745,0.172917,0.170865,0.170953
-0.293844,-0.210730,-0.176224,-0.197376,-0.161555,-0.175471,-0.134564,-0.137965,-0.131879,-0.176943,-0.218321,-0.209044,-0.259564,-0.248313,-0.235105,-0.173050,-0.094931,-0.022296,0.071389,0.090937,0.117164,0.156992,0.082007,0.087109,-0.013188,-0.006247,0.013622,0.029889,0.059393,0.203617,0.342229,0.448042,0.660079,0.823719,0.899206,0.986954,1.107782,0.954371,0.845991,0.573511,0.305281,0.138375,0.104045,0.345175,0.467045,0.463181,0.313030,0.341794,0.379257,0.423037,0.447375,0.496743,0.537983,0.576587,0.867787,0.866471,1.085262,1.430481,1.456158,1.471588,1.333599,1.241445,1.050777,0.885402,0.624777,0.509285,0.288688,0.092921,-0.079185,-0.167996,-0.256134,-0.258042,-0.337587,-0.349608,-0.432723,-0.502414,-0.500512,-0.447746,-0.506212,-0.507072,-0.557463,-0.609860,-0.613395,-0.621261,-0.623586,-0.621792,-0.618455,-0.667526,-0.661168,-0.650719,-0.682709,-0.706430,-0.727073,-0.740918,-0.708692,-0.664682,-0.583095,-0.434336,-0.305896,-0.141854,0.059529,0.170448,0.238844,0.253493,0.271497,0.240221,0.221755,0.206043,0.189211,0.136780,0.131372,0.087680,0.087451
-0.201706,-0.164457,-0.129816,-0.103145,-0.114114,-0.079642,-0.037415,-0.039798,-0.032297,-0.075441,-0.114759,-0.155885,-0.204685,-0.191424,-0.175929,-0.111187,-0.029886,0.046450,0.071389,0.169185,0.201341,0.247050,0.274657,0.187828,0.203676,0.109329,0.139621,0.168124,0.205894,0.355816,0.490329,0.589731,0.792095,0.823719,0.899206,0.986954,0.852007,0.694248,0.443828,0.170601,-0.102986,-0.422706,-0.340147,-0.122074,-0.026688,0.115207,-0.054656,-0.044355,-0.030451,0.211518,0.225189,0.496743,0.537983,0.329954,0.369987,0.382555,0.400807,0.613063,0.921832,1.154103,1.052441,0.855989,0.691343,0.548828,0.413665,0.306666,0.097948,-0.178507,-0.337701,-0.411755,-0.408988,-0.401615,-0.473726,-0.544616,-0.619257,-0.562671,-0.558565,-0.560253,-0.561139,-0.614129,-0.610147,-0.661852,-0.665330,-0.621261,-0.623586,-0.621792,-0.670402,-0.667526,-0.661168,-0.650719,-0.629697,-0.653519,-0.621679,-0.636781,-0.607058,-0.517270,-0.393845,-0.250411,-0.079985,0.081491,0.148523,0.214550,0.238844,0.210370,0.186367,0.197997,0.179893,0.122725,0.106115,0.095297,0.089827,0.046088,0.003949
-0.247775,-0.210730,-0.222631,-0.197376,-0.161555,-0.127557,-0.037415,-0.039798,-0.032297,-0.075441,-0.114759,-0.155885,-0.149805,-0.191424,-0.175929,-0.111187,-0.094931,-0.022296,0.071389,0.169185,0.201341,0.337107,0.370983,0.389267,0.312107,0.340482,0.265621,0.306359,0.352396,0.508014,0.638428,0.731420,0.792095,0.823719,0.775982,0.738959,0.596232,0.304063,0.041666,-0.366612,-0.783432,-0.983786,-0.932403,-0.589324,-0.355844,-0.406753,-0.422342,-0.430504,-0.440160,-0.211518,0.003003,0.028476,0.292238,0.329954,0.121087,-0.101361,-0.055496,0.000000,0.387507,0.677874,0.630705,0.470534,0.451721,0.324445,0.202553,0.002738,-0.188162,-0.359458,-0.510045,-0.574260,-0.561842,-0.616973,-0.677934,-0.674621,-0.681434,-0.622928,-0.616618,-0.616506,-0.670991,-0.667657,-0.662832,-0.661852,-0.665330,-0.621261,-0.623586,-0.621792,-0.670402,-0.615474,-0.608728,-0.598035,-0.576685,-0.600608,-0.516286,-0.480577,-0.454607,-0.369858,-0.204595,-0.020505,0.100744,0.170829,0.237516,0.214550,0.194987,0.167247,0.143801,0.155773,0.096169,0.081066,0.064567,0.053815,0.006737,-0.037096,-0.079552
-0.339912,-0.395821,-0.361854,-0.338722,-0.303877,-0.223386,-0.183138,-0.187049,-0.181670,-0.176943,-0.166540,-0.209044,-0.204685,-0.248313,-0.235105,-0.234913,-0.159976,-0.159787,-0.075355,0.012689,0.117164,0.247050,0.370983,0.389267,0.420539,0.456059,0.517621,0.582828,0.498897,0.660213,0.638428,0.731420,0.660079,0.698297,0.652757,0.490964,0.340457,0.043940,-0.360497,-0.903825,-1.191700,-1.404596,-1.376595,-1.056573,-0.684999,-0.754726,-0.790029,-0.816654,-0.849868,-0.634555,-0.441370,-0.439792,-0.199253,-0.163311,-0.127814,-0.343319,-0.511800,-0.613063,-0.324928,0.042903,0.068390,-0.043407,0.092287,-0.012129,-0.114114,-0.199881,-0.378902,-0.540410,-0.682389,-0.655513,-0.714696,-0.760546,-0.814072,-0.804626,-0.743612,-0.683185,-0.674671,-0.672760,-0.725917,-0.721185,-0.715517,-0.713845,-0.665330,-0.621261,-0.623586,-0.621792,-0.618455,-0.615474,-0.608728,-0.545351,-0.523673,-0.494787,-0.410892,-0.324372,-0.251339,-0.173309,-0.015345,0.117438,0.191108,0.260167,0.237516,0.170448,0.151130,0.124124,0.101236,0.113549,0.054307,0.039407,0.023020,0.012333,0.006737,-0.037096,-0.079552
-0.478118,-0.534640,-0.547485,-0.480068,-0.398758,-0.367130,-0.328861,-0.334300,-0.380835,-0.379946,-0.373665,-0.368520,-0.314443,-0.305202,-0.294281,-0.358640,-0.355112,-0.297278,-0.222098,-0.143807,0.032988,0.156992,0.274657,0.389267,0.528970,0.571635,0.643621,0.721063,0.645399,0.508014,0.638428,0.589731,0.528063,0.447452,0.406308,0.242968,0.084682,-0.346245,-0.762660,-1.306734,-1.599968,-1.685136,-1.524659,-1.368072,-1.014155,-1.102699,-1.157715,-1.202803,-1.054722,-1.057592,-0.885742,-0.908060,-0.690744,-0.409943,-0.376714,-0.585277,-0.968103,-1.021772,-1.037362,-0.592068,-0.353347,-0.300378,-0.267147,-0.236511,-0.325226,-0.402500,-0.569642,-0.721362,-0.768561,-0.736766,-0.867550,-0.904118,-0.950211,-0.869629,-0.805790,-0.743442,-0.732724,-0.729013,-0.780844,-0.774714,-0.715517,-0.713845,-0.613395,-0.621261,-0.571503,-0.569742,-0.566507,-0.563423,-0.556288,-0.492667,-0.470661,-0.388965,-0.305499,-0.220235,-0.098887,0.023241,0.126593,0.209401,0.281473,0.260167,0.237516,0.170448,0.107273,0.037878,0.058671,0.071325,0.054307,0.039407,0.023020,0.012333,0.006737,-0.037096,-0.079552
-0.616325,-0.673459,-0.686708,-0.621415,-0.541080,-0.462959,-0.426010,-0.432468,-0.480417,-0.532199,-0.580790,-0.527997,-0.533960,-0.475869,-0.471809,-0.544230,-0.550249,-0.503515,-0.442213,-0.378551,-0.219541,-0.113180,0.082007,0.187828,0.420539,0.571635,0.643621,0.582828,0.498897,0.508014,0.490329,0.448042,0.396047,0.322030,0.159859,-0.005027,-0.171093,-0.606368,-1.030768,-1.575341,-1.872146,-1.825406,-1.672723,-1.523822,-1.507888,-1.276686,-1.341558,-1.395878,-1.464430,-1.480629,-1.330114,-1.142193,-0.936490,-0.903208,-0.874514,-0.827235,-0.968103,-1.226126,-1.215471,-0.909553,-0.775083,-0.557348,-0.506769,-0.460894,-0.536338,-0.605118,-0.665013,-0.811838,-0.768561,-0.818019,-0.943977,-1.047691,-1.018280,-0.934632,-0.805790,-0.803699,-0.790777,-0.785266,-0.780844,-0.774714,-0.768202,-0.661852,-0.613395,-0.569196,-0.571503,-0.517691,-0.514560,-0.511371,-0.503848,-0.492667,-0.417649,-0.336055,-0.252802,-0.116098,0.002747,0.170653,0.221218,0.301363,0.326655,0.304836,0.237516,0.170448,0.063415,-0.005245,0.016106,0.071325,0.096169,0.081066,0.064567,0.053815,0.048282,0.004496,-0.037801
-0.708462,-0.812278,-0.779523,-0.715645,-0.683402,-0.606703,-0.571732,-0.530636,-0.579999,-0.684452,-0.736134,-0.740632,-0.753477,-0.760315,-0.767690,-0.791683,-0.745385,-0.778497,-0.735700,-0.691544,-0.556246,-0.473411,-0.399620,-0.215050,-0.013188,0.109329,0.139621,0.168124,0.059393,0.051418,0.194130,0.164665,0.132016,0.071186,-0.086590,-0.253022,-0.426868,-0.736430,-1.164823,-1.575341,-1.872146,-1.965676,-1.820787,-1.835322,-1.837044,-1.624660,-1.341558,-1.588952,-1.874139,-1.903665,-1.774487,-1.376327,-0.936490,-0.903208,-1.123414,-1.069193,-1.196255,-1.226126,-1.215471,-1.068296,-0.775083,-0.685833,-0.626580,-0.573085,-0.641894,-0.706428,-0.760383,-0.811838,-0.768561,-0.899272,-1.020404,-1.119477,-1.086350,-0.934632,-0.867968,-0.863956,-0.848830,-0.841520,-0.780844,-0.774714,-0.768202,-0.661852,-0.613395,-0.569196,-0.571503,-0.569742,-0.566507,-0.511371,-0.503848,-0.439983,-0.364637,-0.230233,-0.147408,-0.064030,0.053564,0.219790,0.268531,0.347344,0.326655,0.304836,0.193019,0.126346,0.019558,-0.048368,0.016106,0.113549,0.138031,0.122725,0.106115,0.095297,0.048282,0.046088,0.003949
